000000000000000000000000000000000000000000000000000000000000000000000000000000000000000000000000000000000000000000000000000000000000000000000000000000000000000000000000000000000000000000000000000000000000000000000000000000000000000000000000
000000000000000000000000000000000000000000000000000000000000000000000000000000000000000000000000000000000000000000000000000000000000000000000000000000000000000000000000000000000000000000000000000000000000000000000000000000000000000000000000
000000000000000000000000000000000000000000000000000000000000000000000000000000000000000000000000000000000000000000000000000000000000000000000000000000000000000000000000000000000000000000000000000000000000000000000000000000000000000000000000
000000000000000000000000000000000000000000000000000000000000000000000000000000000000000000000000000000000000000000000000000001100000000000000000000000000000000000000000000000000000000000000000000000000000000000000000000000000000000000000000
000000000000000000000000000000000000000000000000000000000000000000000000000000000000000000000000000000000000000000000000000001100000000000000000000000000000000000000000000000000000000000000000000000000000000000000000000000000000000000000000
000000000000000000000000000000000000000000000000000000000000000000000000000000000000000000001000000000000000000000000000000011100000000000000000000000000000000000000000000000000000000000000000000000000000000000000000000000000000000000000000
000000000000000000000000000000000000000000000000000000000000000000000000000000000000000000011100000000000000000000000000000011110000000000000000000000000000000000000000000000000000000000000000000000000000000000000000000000000000000000000000
000000000000000000000000000000000000000000000000000000000000000000000000000000000000000000011100000000000000000000000000000011110000000000000000000000000000000000000000000000000000000000000000000000000000000000000000000000000000000000000000
000000000000000000000000000000000000000000000000000000000000000000000000000000000000000000011110000000000000000000000000000111110000000000000000000000000000000000000000000000000000000000000000000000000000000000000000000000000000000000000000
000000000000000000000000000000000000000000000000000000000000000000000000000000000000000000011111000001111111111111111111001111110000000000000000000000000000000000000000000000000000000000000000000000000000000000000000000000000000000000000000
000000000000000000000000000000000000000000000000000000000000000000000000000000000000000000111111100111111111111111111111111111110000000000000000000000000000000000000000000000000000000000000000000000000000000000000000000000000000000000000000
000000000000000000000000000000000000000000000000000000000000000000000000000000000000000000111111111111111111111111111111111111110000000000000000000000000000000000000000000000000000000000000000000000000000000000000000000000000000000000000000
000000000000000000000000000000000000000000000000000000000000000000000000000000000000000000111111111111111111111111111111111111110000000000000000000000000000000000000000000000000000000000000000000000000000000000000000000000000000000000000000
000000000000000000000000000000000000000000000000000000000000000000000000000000000000000000111111101111111111111111111111110111110000000000000000000000000000000000000000000000000000000000000000000000000000000000000000000000000000000000000000
000000000000000000000000000000000000000000000000000000000000000000000000000000000000000001111111110011111111111111111111110111111000000000000000000000000000000000000000000000000000000000000000000000000000000000000000000000000000000000000000
000000000000000000000000000000000000000000000000000000000000000000000000000000000000000001111111111001111111111111111111110011111000000000000000000000000000000000000000000000000000000000000000000000000000000000000000000000000000000000000000
000000000000000000000000000000000000000000000000000000000000000000000000000000000000000000111111111100111111111111111111110011111000000000000000000000000000000000000000000000000000000000000000000000000000000000000000000000000000000000000000
000000000000000000000000000000000000000000000000000000000000000000000000000000000000000001111111111100111111111111111111110011111100000000000000000000000000000000000000000000000000000000000000000000000000000000000000000000000000000000000000
000000000000000000000000000000000000000000000000000000000000000000000000000000000000000011111111110011111111111111111111111001111110000000000000000000000000000000000000000000000000000000000000000000000000000000000000000000000000000000000000
000000000000000000000000000000000000000000000000000000000000000000000000000000000000001111111111100111111111111111111111111101111111000000000000000000000000000000000000000000000000000000000000000000000000000000000000000000000000000000000000
000000000000000000000000000000000000000000000000000000000000000000000000000000000000111111111111001111111111111111111111111100111111111000000000000000000000000000000000000000000000000000000000000000000000000000000000000000000000000000000000
000000000000000000000000000000000000000000000000000000000000000000000000000000000011111111111111111111111111111111111111111110111111111110000000000000000000000000000000000000000000000000000000000000000000000000000000000000000000000000000000
000000000000000000000000000000000000000000000000000000000000000000000000000000001111111111111111111111111111111111111111111110111111111111111000000000000000000000000000000000000000000000000000000000000000000000000000000000000000000000000000
000000000000000000000000000000000000000000000000000000000000000000000000000001111111111111111111111111111111111111111111111111111111111111111110000000000000000000000000000000000000000000000000000000000000000000000000000000000000000000000000
000000000000000000000000000000000000000000000000000000000000000000000000000111111111111111111111111111111111111111111111111111111111111111111111000000000000000000000000000000000000000000000000000000000000000000000000000000000000000000000000
000000000000000000000000000000000000000000000000000000000000000000000000001111111111111111111111111111111111111111111111111111111111111111111111111100000000000000000000000000000000000000000000000000000000000000000000000000000000000000000000
000000000000000000000000000000000000000000000000000000000000000000000000011111111111111111111111111011111111111111111111111111011111111011111111111111000000000000000000000000000000000000000000000000000000000000000000000000000000000000000000
000000000000000000000000000000000000000000000000000000000000000000000011111111111111111111111111111011111111111111111111111111101111111100111111111111110000000000000000000000000000000000000000000000000000000000000000000000000000000000000000
000000000000000000000000000000000000000000000000000000000000000000011111111111111111111111111111111011111111111111111111111111101111111110011111111111111100000000000000000000000000000000000000000000000000000000000000000000000000000000000000
000000000000000000000000000000000000000000000000000000000000000000111111111111111111111111111111111101111111111111111111111111101111111111001111111111111110000000000000000000000000000000000000000000000000000000000000000000000000000000000000
000000000000000000000000000000000000000000000000000000000000001111111111111111111111111111111111111101111111111111111111111111101111111100101111111111111111100000000000000000000000000000000000000000000000000000000000000000000000000000000000
000000000000000000000000000000000000000000000000000000000000111111111111111111111111111111111111111101111111111111111111111111100111111110010111111111111111110000000000000000000000000000000000000000000000000000000000000000000000000000000000
000000000000000000000000000000000000000000000000000000000001111111111111111111101111111111111111111101111111111111111111111111110111111111010011111111111111111100000000000000000000000000000000000000000000000000000000000000000000000000000000
000000000000000000000000000000000000000000000000000000000011111111111111111111011111111111111111111101111111111111111111111111110111111111001011111111111111111110000000000000000000000000000000000000000000000000000000000000000000000000000000
000000000000000000000000000000000000000000000000000000001111111111111111111110011111111111111111111101111111111111111111111111111111111011101011111111111111111111100000000000000000000000000000000000000000000000000000000000000000000000000000
000000000000000000000000000000000000000000000000000000011111111111111111111110111111111111111111111110111111111111111111111111111111111001101111111111111111111111110000000000000000000000000000000000000000000000000000000000000000000000000000
000000000000000000000000000000000000000000000000000000111111111111111111111101111111111111111111111110111111111111111111111111111111111101110111111111111111111111111000000000000000000000000000000000000000000000000000000000000000000000000000
000000000000000000000000000000000000000000000000000001111111111111111111110011111111111111111111111110011111111111111111111111111111111100110111111111111111111111111100000000000000000000000000000000000000000000000000000000000000000000000000
000000000000000000000000000000000000000000000000000011111111111111111111100111111111111111111111111111011111001111111111100011111111111110110111111111111111111111111110000000000000000000000000000000000000000000000000000000000000000000000000
000000000000000000000000000000000000000000000000000011111111111111111111001111111111111111111111111111111111100111111111001111101111111110110111111111111111111111111111000000000000000000000000000000000000000000000000000000000000000000000000
000000000000000000000000000000000000000000000000000011111111111111111100111111111111111111111111111111111111110001111111011111001111111111010111111111111111111111111111100000000000000000000000000000000000000000000000000000000000000000000000
000000000000000000000000000000000000000000000000000111111111111111111101111111111111111111111111111111101111111001111110111110011111111111011111111111111111111111111111110000000000000000000000000000000000000000000000000000000000000000000000
000000000000000000000000000000000000000000000000001111111111111111111110111111111111111111111111111111100011111100111110111100011111111111011111111111111111111111111111111000000000000000000000000000000000000000000000000000000000000000000000
000000000000000000000000000000000000000000000000001111111111111111111110011111111111111111111111111111100001111110011101111100111111111111011111111111111111111111100101111100000000000000000000000000000000000000000000000000000000000000000000
000000000000000000000000000000000000000000000000011111111111111111111111000000000111111111111111111111110000111111011101111000111111111111011111111111110111111111000000111110000000000000000000000000000000000000000000000000000000000000000000
000000000000000000000000000000000000000000000000011111111111111111111111111111111111111111111111111111110000011111011101111011111111111111011111111111110111111111000011111111100000000000000000000000000000000000000000000000000000000000000000
000000000000000000000000000000000000000000000000111111111111111111111111111111111111111111111111111111111110001111001101111111111111111111011111111111101111111110000111111111110000000000000000000000000000000000000000000000000000000000000000
000000000000000000000000000000000000000000000000111111111111111111111111111111111111111111111111111111111111111111101111111111111111111111011111111111101111111110111111111111111000000000000000000000000000000000000000000000000000000000000000
000000000000000000000000000000000000000000000001111111111111111111111111111111111111111111111111111111111111111111111111111111110111111110011111111111011111111110111111111111111100000000000000000000000000000000000000000000000000000000000000
000000000000000000000000000000000000000000000011111111111111111111111111111111111111111111111111110111111111111111111111111111100111111110111111111111011111111101111111111111111111000000000000000000000000000000000000000000000000000000000000
000000000000000000000000000000000000000000000011111111111111111111111000011111111111111111111111110001111111111111111111111110000111111111111111111110111111111001111111111111111111100000000000000000000000000000000000000000000000000000000000
000000000000000000000000000000000000000000000011111111111111111111111111100011111111111111111111111000011111111111111111111100000111111111111111111110111111110011111111111111111111110000000000000000000000000000000000000000000000000000000000
000000000000000000000000000000000000000000000011111111111111100011111111111101111111111111111111111000000011111111111111111000000111111111111111111101111111100111111100111111111111111110000000000000000000000000000000000000000000000000000000
000000000000000000000000000000000000000000000011111111111111111100111111111110011111111111111111111000000000000001111111110000000111111111111111111101111110001111111100111111111111111111000000000000000000000000000000000000000000000000000000
000000000000000000000000000000000000000000000011111111111111111111000111111111101111111111111111111000000000000000011111100000001111111111111111111011111000011111111110011111111111111111100000000000000000000000000000000000000000000000000000
000000000000000000000000000000000000000000000011111111111111111111111001111111110011111111111111111000000000000000011111100000001111111111111111111011110001111111111110011111111111111111100000000000000000000000000000000000000000000000000000
000000000000000000000000000000000000000000000011111111111111111111111110011111111101111111111111111000000000000000001111000000001111111111111111100011100011111111111110001111111111111111110000000000000000000000000000000000000000000000000000
000000000000000000000000000000000000000000000011111111111111111111111111100011111110011111111111111000000000000000000110000000001111111111111111000111001111111111111111000111111111111111111000000000000000000000000000000000000000000000000000
000000000000000000000000000000000000000000000011111111111111111111111111111100111111100111111111111000000000000000000000000000001111111111111110001111111111111111111111100111111111111111111100000000000000000000000000000000000000000000000000
000000000000000000000000000000000000000000000111111111111111111111111111111111000111110011111111111000000000000000000000000000001111111111111100111111111111111111111111110011111111111111111100000000000000000000000000000000000000000000000000
110000000000000000000000000000000000000000001111111111111111111111111111111111111001111100111111111000000000000011111111111110011111111111110001111111111111111111111111110001111111111111111110000000000000000000000000000000000000000000000000
111000000000000000000000000000000000000000000111111111111111111111111111111111111100011110011111111000000000011111111111111110011111111111100111111111111111111111111111111000011111111111111111000000000000000000000000000000000000000000000000
111110000000000000000000000000000000000001000011111111110000000000000000011111111111001111001111111100000000111100000000000110011111111110011111111111111111111111111111111110001111111111111111100000000000000000000000000000000000000000000000
111111110000000000000000000000000000000011111001111111111111111111111111100000111111110011101111111110000001111000000000000010111111111100111111111111111111111111111111111111000111111111111111110000000000000000000000000000000000000000000000
111111111110000000000000000000000000000011111100111111111111111111111111111110011111111011101111111110000001100000000000000000111111110011111111111111111111111111111111111111100011111111111111110000000000000000000000000000000000000000000000
111111111111000000000000000000000000000011111110011111111111111111111111111111111111111111111111111110000000000000000000000000111111110111111111111111111111111111111111111111111001111111111111111000000000000000000000000000000000000000000000
111111111111111110000000000000000000000111111111001111111111111111111111111111111111111111111111111111000000000000000111111000111111111111111111111111111111111111111111111111111100111111111111111110000000000000000000000000000000000000000000
111111111111111111111000000000000000001111111111101111111111111111111111111111111111111111111111111111100000000000111100001100111111111111111111111111111111111111111111111111111110001111111111111111000000000000000000000000000000000000000000
111111111111111111111111000000000000001111111111100111111111111111111111111111111111111111111111111111110000000001110000000000111111111111111111111111111111111111111111111111111110001111111111111111100000000000000000000000000000000000000000
111111111111111111111111111110000000001111111111110000000000000000000000000000001111111111111111111111111000000011000000000001111111111111111111111111111111111111111111111111111111011111111111111111100000000000000000000000000000000000000000
111111111111111111111111111111111111011111111111011000000000000000000000000000000001111111111111111111111000000000000000000001111111111111111111111111111111111111111111111111111111101111111111111111110000000000000000000000000000000000000000
111111111111111111111111111111111111011111111111011100000000000000000000000000000000001111111111111111111100000000000000000011111111111111111111111111111111111111111111111111111111100111111111111111111000000000000000000000000000000000000000
111111111111111111111111111111111111011111111111011111100000000000000000000000000000000011111111111111111110000000000000001111111111111111111111111111111111111111111111111111111111111111111111111111111000000000000000000000000000000000000000
111111111111111111111111111111111111011111111110011101100000000000000000000000000000000000011111111111111111000000000000001111111111111111111111111111111111111111111111111111111111111111111111111111111000000000000000000000000000000000000000
111111111111111111111111111111111111011111111110011110011000000000000001000000000000000000000111111111111111100000000000111111111111111111111111111111111111111111111111111111111111111111111111111111111100000000000000000000000000000000000000
111111111111111111111111111111111111011111111110011110001111000000000011100000000000000000000001111111111111111111111111111111111111111111111111111111111111111111111111100011111111111111111111111111111100000000000000000000000000000000000000
111111111111111111111111111111111111011111111110011111000001111111111111000000000000000000000000011111111111111111111111111111111111111111110000000100000000011111111111110000000111111111111111111111111100000000000000000000000000000000000000
111111111111111111111111111111111111011111111110011111100000000000000001000000000000000000000000000111111111111111111111111111111111111100000000000100000000001111111111111110000001111111111111111111111110000000000000000000000000000000000000
111111111111111111111111111111111111011111111110011111111000000000000001000000000000000000000000000001111111111111111111111111111110000000000000000100000000000111111111111111110000001111111111111111111110000000000000000000000000000000000000
111111111111111111111111111111111111011111111110011111111100000000000000100000000000000000000000000000111111111111111111111111000000000000000000000100000000000011111111111111111100010001111111111111111111000000000000000000000000000000000000
111111111111111111111111111111111111011111111110011111111110000000000000100000000000000000000000000000000111111111111111111000000000000000000000000110000000000001111111111111111111000010001111111111111111000000000000000000000000000000000000
111111111111111111111111111111111111011111111110011111111111100000000000100000000000000000000011000000000011111111111111100000000000000000000000000011000000000000111111111111111111111100000011111111111111000000000000000000000000000000000000
111111111111111111111111111111111111011111111111011111111111111100000000100000000000000000111111000000000000111111111110000000000000000000010000000001100000000000011111111111111111111111000000011111111111000000000000000000000000000000000000
111111111111111111111111111111111111011111111111001111111111111111111000010000000000000011100001000000000000011111111000000000000000000000001000000000110000000000000111111111111111111111111000000111111111000000000000000000000000000000000000
111111111111111111111111111111111111011111111111101111111111111111111000010000000000001100000001000000000000001111110000000000000000000000000100000000011000000000000011111111111111111111111110000000111111000000000000000000000000000000000000
111111111111111111111111111111111111011111111111111111111111111111011000001000000000111000000001100000000000000111100000000000000000000000000010000000000110000000000001111111111111111111111111110000001111100000000000000000000000000000000000
111111111111111111111111111111111110011111111111111111111111111111011000001100000011100000011000100000000000000001000000000000000000000000000001000000000011000000000000111111111111111111111111111110000111100000000000000000000000000000000000
111111111111111111111111111111111110111111111111111111111111111100011000000110000110000001111100111000000000000000000000000000000110000000000000100000000001100000000000011111111111111111111111111111100011100000000000000000000000000000000000
111111111111111111111111111111111100111111111111111111111111111000111100000011011100000111111110001100000000001100111000000000000111100000000000011000000000011000000000001111111111111111111111111111111001110000000000000000000000000000000000
111111111111111111111111111111111101111111111110111111111111110001111100000001110000011111111111000111000000011111101100000000000100011000000000001100000000001000000000000111111111111111111111111111111100110000000000000000000000000000000000
111111111111111111111111111111111001111111110000011111001111110001111100000001000011111111111111100001100000110011000111000000000100001110000000000110000000000100000100000011111111111111111111111111111110001000000000000000000000000000000000
111111111111111111111111111111111011111111100111001110001111110011111110000011001111111111111111111000111111101000001001100000111100000011000000000011000000000110000010000000111111111111111111111111111111101000000000000000000000000000000000
111111111111111111111111111111110011111111011111100100011111000111111110000010011111111111111111111100000110011100011100110111100000110001100000000000110000000010000001000000011111111111111111111111111111111000000000000000000000000000000000
111111111111111111111111111111100111111111111111110000111111001111111111000011001111111111111111111111000000111100011100011100000011111100110000000000011100000011000000110000001111111111111111111111111111111000000000000000000000000000000000
111111111111111111111111111111101111111111111011111001111111001111111111000001110000011111111111111111111101111111111100000001111111111110001000000000000110000101000000011000000011111111111111111111111111111000000000000000000000000000000000
111111111111111111111111111111011111111110000011111001111111001111111111100000011100001111111111111111111111111111111111111111111111111111101110000000000000011101000000001110000001111111111111111111111111111100000000000000000000000000000000
111111111111111111111111111110011111111000001111111011111111001111111111100000000110000111111111111111111111111111111111111111111111111111110010000000000001111100100000000011100000011111111111111111111111111100000000000000000000000000000000
111111111111111111111111111110111111111111111101111011111111100111111111110000100011000011111111111111111111111111111111111111111111111111111011100000000111111000100000000000111100001111111111111111111111111100000000000000000000000000000000
111111111111111111111111111100111111111111111100011001111111100111111111110000010001100001111111111111111111111111111111111111111111111111111100100000111111000000100000000000001111000111111111111111111111111110000000000000000000000000000000
111111111111111111111111111101111111111111111110001101111111100111111111111000001100110001111111111111111111111111111111111111111111111111111110011111110000000011100000000000000000110011111111111111111111111110000000000000000000000000000000
111111111111111111111111111001111111111111111111000110011111100111111111111000000110011000111111111111111111111111111111111111111111111111111111011000000000000111100000000000000000001001111111111111111111111110000000000000000000000000000000
111111111111111111111111111011111111111111111111000111011111101111111111111100000011001100011111111111111111111111111111111111111111111111111110001000000000000111100000000000000000000100111111111111111111111111000000000000000000000000000000
111111111111111111111111111011111111111111111111100101111111101111111111111110000000000110001111111111111111111111111111111111111111111111000000001100000000011111100000000000000000000011001111111111111111111111000000000000000000000000000000
111111111111111111111111110011111111111111111111001000011111101111111111111110000110000011001111111111111111111111111111111111111111111000000000000100000000111111100000000000000000000000100011111111111111111111100000000000000000000000000000
111111111111111111111111110111111111111111111100111100001111001111111111111111000110000001000111111111111111111111111111111111111111100001111111111100000001111111100000000000000000000000010001111111111111111111110000000000000000000000000000
111111111111111111111111110111001111111111100011111110001111011111111111111111000011000000100111111111111111111111111111111111111110000111000000000000000110111111100000000000000000000000001000111111111111111111110000000000000000000000000000
111111111111111111111111110110001111111110001111111111000111011111111111111111100011100000110111111111111111111111111111111111111100011000000000000000001101111111100000000000000000000000000100011111111111111111110000000000000000000000000000
111111111111111111111111110110001111110001111111111111100111011111111111111111110001110000010011111000111111111111111111111111110000110000000000000000111001111111100000000000000000000000000010000111111111111111110000000000000000000000000000
111111111111111111111111110110001111001111111111111111100111011111111111111111010000111000001000000000011111111111110111111111110001100000000000000011100111111111100000000000000000000000000001000011111111111111111000000000000000000000000000
111111111111111111111111110110001100111111111111111111110011011111111111111111000000011110001111111111000111111111100001111111100110000000000000001110011111111111100000000000000000000000000001000001111111111111111000000000000000000000000000
111111111111111111111111110011001111111111111111111111110100011111111111111111000000000111000100000001100011111110011110000111001100000000000000111000111111111111100010000000000000000000000000000000111111111111111000000000000000000000000000
111111111111111111111111111000111111111111111111111111001110011111111111111111100000000001111000000000011000110001110011000000001000000000000011100011111111111111100010000000000000000000000000000000011111111111111000000000000000000000000000
111111111111111111111111111110011111111111111111111100011110001111111111111111100000000000110000000000001110000011000000110000011000000000001110000111111111111111100010000000000000000000000000000100000111111111111100000000000000000000000000
111111111111111111111111111111001110111111111111110001111111001111111111111111110000000001000000000000000011001100000000011100110000000000111000011111111111111111100010000000000000000000000000000100000111111111111100000000000000000000000000
111111111111111111111111111111101110011111111111000111111111001111111111111111111000000001110011111100111001111000000000000111100000000001100001111110111111111111100011000000000000000000000000001100000001111111111100000000000000000000000000
111111111111111111111111111111100110011111111100111111111111001111111111111111111000000000011000111111110000110000011100000000000000000011100011111100111111111111100011000000000000000000000000001100000000111111111110000000000000000000000000
111111111111111111111111111111110110011111111001111111111110011111111111111111110110000000011111000000000000000000000111111000000000001111001111111100011111111111110011100000000000000000000000001100000000011111111110000000000000000000000000
111111111111111111111111111111111011001111111111111111111001111111111111111111110010000000010001110000000000111111000000111111111111111100011111111100011111111111110011100000000000000000000000011100000000001111111110000000000000000000000000
111111111111111111111111111111111001100111111111111111100011111111111111111111110011000000010000001111111111111111100000000011111111111100111111111100011111111111110001100000000000000000000000011100000011000111111110000000000000000000000000
111111111111111111111111111111111100100111111111111110001111111111111111111111111000000000010000000001111111111111111100000000000000000001111111111100011111111111110001110000000000000000000000011000000011000111111111000000000000000000000000
111111111111111111111111111111111110001110111111111000111111111111111111111111111000000000010000000000011111111111111111100000000000000011111111111100011111111111111001110000000000000000000000110000000110000011111111000000000000000000000000
111111111111111111111111111111111111100110011111110010111111111111111111111111111000000000010000000000001111111111111111111111111111111111111111111100111111111111111000110000000000000000000000110000011000000001111111100000000000000000000000
111111111111111111111111111111111111110110011111111100111111111111111111111111111100000000011000000000000011111111111111111111111111111011111111111100111111111111111000011000000000000000000000100001100000000001111111100000000000000000000000
111111111111111111111111111111111111110011001111111001111111111111111111111111111100000000001000000000000000111111111111111111111111111001111111111001111111111111111100011100000000000000000001100111000000000001111111110000000000000000000000
111111111111111111111111111111111111111011101111110011111111111111111111111111111110000000001000000000000000111111111111111111111111111101111111111001111111111111111100001110000000000000000011111100000000000001111111110000000000000000000000
111111111111111111111111111111111111111100011110001111111111111111111111111111111110000000000110000000000111111111111111111111111111111101111111110001111111111111111110000111000000000000001111111000000000000000111111110000000000000000000000
111111111111111111111111111111111111111111000000111111111111111111111111111111111111000000000011111111111111111111011111111111111111111100111111110011111111111111111111000001110000000000111111110000000000000000111111111000000000000000000000
111111111111111111111111111111111111111111111111111111111111111111111111111111111111000000000011111111111111111111001111111111111111111001111111110011111111111111111111000000111100000111111110000000000000000000111111111000000000000000000000
111111111111111111111111111111111111111111111111111111111111111111111111111111111111100000001111111111111111111111001111111111111111111001111111100111111111111111111111100000001110011111111000000000000000000000011111111100000000000000000000
111111111111111111111111111111111111111111111111111111111111111111111111111111111111110000111111111111111111111111100111111111111111111001111111100111111111111111111111110000000111111111100000000000000000000000011111111100000000000000000000
111111111111111111111111111111111111111111111111111111111111111111111111111111111111111000111111111111111111111111110111111111111111110011111111000111111111111111111111111000001111111110000000000000000000000000001111111110000000000000000000
111111111111111111111111111111111111111111111111111111111111111111111111111111111111111100111111111111111111111111110011111111111111110011111111001111111111111111111111111110011111111111111111100000000000000000001111111111000000000000000000
111111111111111111111111111111111111111111111111111111111111111111111111111111111111111100011111111111111111111111110011111111111111110011111111001111111111111111111111111111111111111111111111111111000000000000001111111111000000000000000000
111111111111111111111111111111111111111111111111111111111111111111111111111111111111111100001111111111111111111111110000001111111111110011111111011111111111111111111111111111111111111111111111111111111000000000001111111111100000000000000000
111111111111111111111111111111111111111111111111111111111111111111111111111111111111111000000111111111111111111111111111111111111111110011111111011111111111111111111111111111111111111100011111111111111110000000001111111111100000000000000000
111111111111111111111111111111111111111111111111111111111111111111111111111111111111111000000001111111111111111111111111111111111111110011111111011111111111111111111111111111111111111001111111111111111111100000001111111111111000000000000000
111111111111111111111111111111111111111111111111111111111111111111111111111111111111111000000001111111111111111111111111111111111111110011111110011111111111111111111111111111111001110111111111111111111111111000000111111111111100000000000000
111111111111111111111111111111111111111111111111111111111111111111111111111111111111111000000000111111111111111111111111111111111111110011111100011111111111111111111111111111100111100111111111111111111111111110000011111111111110000000000000
111111111111111111111111111111111111111111111111111111111111111111111111111111111111101110000000111111111111111111111111111111111111110011111101111111111111111111111111111110011111101111111111111111111111111111000001111111111111110000000000
111111111111111111111111111111111111111111111111111111111111111111111111111111111111100011100000001111111111111111111111111111111111110011111111111111111111111111111111111001111111001111111111111111111111111111111100011111111111111100000000
111111111111111111111111111111111111111111111111111111111111111111111111111111111111101000111000011111111111111111111111111111111111111011111111111111111111111111111111110111111111011111111111111111111111111111111110000111111111111111110000
111111111111111111111111111111111111111111111111111111111111111111111111111111111111101110001110010011111111111111111111111111111111111011111111111111111111111111111111101111111111011111111111111111111111111111111111000011111111111111111111
111111111111111111111111111111111111111111111111111111111111111111111111111111111111101110000011110001111111111111111111111111111111111111111011111111111111111111111111011111111111011111111111111111111111111111111111000011111111111111111111
111111111111111111111111111111111111111111111111111111111111111111111111111111111111101110001100110000001111111111111111111111111111111111110001111100011111111111111110111111111110111111111111111111111111111111111111110011111111111111111111
111111111111111111111111111111111111111111111111111111111111111111111111111111111111101110001111000001000000001111111111111111111111111111100001000011111111111111111101111111111110111111111111111111111111111111111111110111111111111111111110
111111111111111111111111111111111111111111111111111111111111111111111111111111111111101110001111110001100000000000000000000000000000000000000000001111111111111111111011111111111110111111111111111111111111111111111111110111111111111111111000
111111111111111111111111111111111111111111111111111111111111111111111111111111111111101110001111110001111100010000000000000000000010000011110000111111111111111111110111111111111100111111111111111111111111111111111111100111111111111111110000
111111111111111111111111111111111111111111111111111111111111111111111111111111111111101110001111110001111111010000000000000000000010011111110001111111111111111111110111111111111101100000000000111111111111111111111111001111111111111111100001
111111111111111111111111111111111111111111111111111111111111111111111111111111111111100010001111110001111111010111111111111111110010011111110001111111111111111111101111111111111001001111111110001111111111111111111100011111111111111111000011
111111111111111111111111111111111111111111111111111111111111111111111111111111111111110000001111110001111111010111111111111111110010011111110001111111111111111111011111111111111011111111111111100111111111111111100001111111111111111110000111
111111111111111111111111111111111111111111111111111111111111100000000000000000000000111110001111110001111111010111111111111111110010011111110001111111111111111111011111111111100011111111111111111011111111111111000111111111111111111110001111
111111111111111111111111111111111111111111111111111111111000000000000000000000000000000111110111110001111111010111111111111111110010011111110000111111111111111110111111111110001111111111111111111001111111111111011111111111111111111100011111
111111111111111111111111111111111111111111111111000111100000000000000000000000000110000011111001110001111111010111111111111111110010011111110000001111111111111111111000000001111111111111111111111101111111111111011111111111111111111000111111
111111111111111111111111111111111111111111111100000110000000000000000000000000000111000001111100010001111111010111111111111111110010011111110000000011111111111111111111111111111111111111111111111100111111111111000111111111111111111001111111
111111111111111111111111111111111111111111100000001100000000000000000000000000000001100000011111000001111111010111111111111111110010011111110000000111111111111111111111111111111111111111111111111111111111111111110001111111111111110011111111
111111111111111111111111111111111111111111000000011000000000000000000000000000000000110000001111100000111111010111111111111111110010011111000000111111111111111111111111111111111111111111111111111111111111111111111100001111111111100111111111
111111111111111111111111111111111111111110000000110000000000000000000000000000000000011000000001111000001111010111111111111100000010000000000111111111111111111111111111111111111111111111111111111111111111111111111111100000111111100111111111
111111111111111111111111111111111111111000000000110000000000000000000000000000000000001000000000111111100011010111111000000011111111111000001111111111111111111111111111111111111111111111111111111111110111111111111111111110011111001111111111
111111111111111111111111111111111111110000000000000000000000000000000000000000000000000100000000001111110000010000000011111111111111111111111111111111111111111111111111111111111111111111111111111111111011111111111111111111011110011111111111
111111111111111111111111111111111111100000000000000000000000000000000000000000000000000010000000000011111100010000111111111111111111111111111111111111111111111111100111111111111111111111111111111111110001111111111110001111000000011111111111
111111111111111111111111111111111111000000000000000000000000000000000000000000000000000010000010000000111111010011111111111111111111111111111111111111111111111110011111111111111111111111111111111111110010011111111100111110001100111111111111
111111111111111111111111111111111110000000000000000000000000000000000000000000000000000001000111000000011111111111111111111111111111111011111111111111111111111101111111111111111111111111111111111111111001100111110011111100111010111111111111
111111111111111111111111111111111110000000000000000000000000000000000000000000000000000001001111000000001111111111111111111111111100001100111111111111111111111011111111111111111111111111111111101111111100010000000111100011110111111111111111
111111111111111111111111111111111100000000000000000000000000000000000000000000000000000000011100000000000111111111111111111110000011111110011111100111111111100111111111111111111111111111111111101111111111000011111100001111100111111111111111
111111111111111111111111111111111000000000000000000000000000000000000000011111111110000000011000000000011111111111111111100001111111111111100111110011111111011111111111111111111111110000111111100111111111111000000011111111001111111111111111
111111111111111111111111111111110000000000000000000000000000000000000000111111111111110000110000000000111111111111111100011111111111111111110011111101111110111111111111111111111111000111111111110001111111111111111111111111011111111111111111
111111111111111111111111111111100000000000000000000000000000000000000000000000001111111111100000000000110111111111100011111111111111111111111001111110111101111111111111111111111110011111111111111100011111111111111111111110011111111111111111
111111111111111111111111111111000000000000000000000000000000000000000000000000000000111111100010000000110111111111001111111111111111111111111101111111011001111111111111111111111001111111001111111111000011111111111111111110111111111111111111
111111111111111111111111111110000000000000000000000000000000000000000000000000000000001111100001000001111011111110011111111111111111111111111110111111101111111111111111111111100011111001101111111111111000111111111111111100111111111111111111
111111111111111111111111111110000000000000000000000000000000000000000000000000000000000011000000110001111011111110111111111111111111111111111111011111110011111111111111111110001111111101100111111111111111000011111111111001111111111111111111
111111111111111111111111111100000000000000000000000000000000000000000000000000000000000000000000001101111011111111011111111111111111000001111111001111111001111111111111111000111111111100110011111111111111111011111111111011111111111111111111
111111111111111111111111111000000000000000000000000000000000000000000000000000000000000000000000000001111001111111011111111111111100111111111111101111111101111111111111110011111111111110011001111111111111111111111111110011111111111111111111
111111111111111111111111111000000000000000000000000000000000000000000000000000000000001110000000000001111100111111101111111111100011111111111111100111111100111111111111001111111101111111001100011111111111110001111111100111111111111111111111
111111111111111111111111110000000000000000000000000000000000000000000000000000000000011010000000000000111110001111100111111100011111111111111111110111111110011111111100111111111100111111100011111000000000000111111111100111111111111111111111
111111111111111111111111110000000000000000000000000000000000000000000000000000000000110011000000000000111111100011110111110011111111111111111111111111111111011111110001111111111110011111111111111111111111111111111111001111111111111111111111
111111111111111111111111110000000000000000000000000000000000000000000000000000000001100001000000000000011111111111111010001111111111111111111111111111111111011111100111111111111111000011111100000000011111111111111111001111111111111111111111
111111111111111111111111100000000000000000000000000000000000000000000000000000000011000001100000000000000111111111111110111111111111111111111111111011111111011111101111000001111111110000111110000000001111111111111110011111111111111111111111
111111111111111111111111100000000000000000000000000000000000000000000000000000000111000000100000000000000000111111111110111111111111111111111111100111111111111111111111111100111111111100001111100000000011111111111110011111111111111111111111
111111111111111111111111100000000000000000000000000000000000000000000000000000000110000000110000000000000000001111111110011111111111111111111110011111111111111111111111111110011111111111100011110000000000011111111100111111111111111111111111
111111111111111111111111000000000000000000000000000000000000000000000000000000001100000000111000000000000000000111111111001111111111111111110001111111111111111111111111111111000100000000001000011100000000001111111101111111111111111111111111
