000000000000000000000000000000000000000000000000000000000000000000000000000000000000000000000000000000000000000000000000000000000000000000011111111100111111001111111111000000000000000000000000000000000000000000000000000000000000000000000000
000000000000000000000000000000000000000000000000000000000000000000000000000000000000000000000000000000000000000000000000000000000000000000011111111100111111001111111111000000000000000000000000000000000000000000000000000000000000000000000000
000000000000000000000000000000000000000000000000000000000000000000000000000000000000000000000000000000000000000000000000000000000000000000011111111110111111001111111111000000000000000000000000000000000000000000000000000000000000000000000000
000000000000000000000000000000000000000000000000000000000000000000000000000000000000000000000000000000000000000000000000000000000100000000011111111110111111001111111111100000000000000000000000000000000000000000000000000000000000000000000000
000000000000000000000000000000000000000000000000000000000000000000000000000000000000000000000000000000000000000000000000000000001110000000111111111110111111011111111111100000000000000000000000000000000000000000000000000000000000000000000000
000000000000000000000000000000000000000000000000000000000000000000000000000000000000000000000000000000000000000000000000000111011111111111111111111110111111111111111111100000000100000000000000000000000000000000000000000000000000000000000000
000000000000000000000000000000000000000000000000000000000000000000000000000000000000000000000000000000000000000000000000001111111111111111111111111110111111111111111111100000000110000000000000000000000000000000000000000000000000000000000000
000000000000000000000000000000000000000000000000000000000000000000000000000000000000000000000000000000000000000000000000011111111111111111111111111111111111111111011111100000000100000000000000000000000000000000000000000000000000000000000000
000000000000000000000000000000000000000000000000000011110000000000000000000000000000000000000000000000000000000000000000111111111111111111111111111111111111111111011111100000001100000000000000000000000000000000000000000000000000000000000000
000000000000000000000000000000000000000000000000001111111111111111111111111111111111111111111111000000000000000000000001111111111111111111111111111111111111111110011111110100011100010000000000000000000000000000000000000000000000000000000000
000000000000000000000000000000000000000000000000011111111111111111111111111111111111111111111111111111111111111111111111111111111111111111111111111111111111111110011111110100111100010000000000000000000000000000000000000000000000000000000000
000000000000000000000000000000000000000000000001111111111111111111111111111111111111111111111111111111111111111111111111111111111111111111111111011111111111111100111111111101111000110000000000000000000000000000000000000000000000000000000000
000000000000000000000000000000000000000000000110000000000000000000000000000111111111111111111111111111111111111111111111111111111111111111111110111111111111111000111111111111111000110000000000000000000000000000000000000000000000000000000000
000000000000000000000000000000000000000000001100000000000000000000000000000000011111111111111111111111111111111111111111111111111111111111111111111111111111111001111111111111111001100000000000000000000000000000000000000000000000000000000000
000000000000000000000000000000000000000000111000000000000000000000000000000000000011111111111111111111111111111111111111111111111111111111111111111111111111110011111111111111110110100000000000000000000000000000000000000000000000000000000000
000000000000000000000000000000000000000001010000000000000000000000000000000000000000111111111111111111111111111111111111111111111111111111111111111111111111100111111111111111111111000000000000000000000000000000000000000000000000000000000000
000000000000000000000000000000000000000010100000000000000000000000000000000000000000011111111111111111111111111111111111111111111111111111111111111111111111101111111111111111111111000000000000000000000000000000000000000000000000000000000000
000000000000000000000000000000000000000111000000000000000000000000000000000000000000000011111111111111111111111111111111111111111111111111111111111111111111111111111111111111111111000000000000000000000000000000000000000000000000000000000000
000000000000000000000000000000000000001111000000000000000000000000000000000000000000000000111111111111111111111111111111111111111111111111111111111111111111111111111111111111111111000000000000000000000000000000000000000000000000000000000000
000000000000000000000000000000000000011111000000000000000000000000000000000000000000000000001111111111111111111111111111111111111111111111111111111111111111111111111111111111111110000000000000000000000000000000000000000000000000000000000000
000000000000000000000000000000000000111111000000000000000000000000000000000000000000000000000011111111111111111111111111111111111111111111111111111111111111111111111111111111111110000001000000000000000000000000000000000000000000000000000000
000000000000000000000000000000000001111110001111111111000000000000000000000000000000000000000001111111111111111111111111111111111111111111111111111111111111111111111111111111111110000001100000000000000000000000000000000000000000000000000000
000000000000000000000000000000000011111111111111111111110000000000000000000000000000000000000000111111111111111111111111111111111111111111111111111111111111111111111111111111111111000001100000000000000000000000000000000000000000000000000000
000000000000000000000000000000000011111111111111111111111000000000000000000000000000000000000000111111111111111111111111111111111111111111111111111111111111111111111111111111111111100011110000000000000000000000000000000000000000000000000000
000000000000000000000000000000000111111111111111111111111100000000000000000000000111111111111111111111111111111111111111111111111111111111111111111111111111111111111111111111111111100011110000000000000000000000000000000000000000000000000000
000000000000000000000000000000001111111111111111111111111110000000000000000011111111111111111111111111111111111111111111111111111111111111111111111111111111111111111111111111111111000111110000000000000000000000000000000000000000000000000000
000000000000000000000000000000011111111111111111111111111111000000000000111111111111111111111111111111111111111111111111111111111100011111111100000000000000000000000011111111111110000111110000000000000000000000000000000000000000000000000000
000000000000000000000000000000011111111111111111111111111111111111111111111111111111111111111111111111111111111111111111111111000000111111110000000000000000000000011111111111111100001111110000000000000000000000000000000000000000000000000000
000000000000000000000000000000011111111100000000000111111111111111111111111111111111111111111111111111111111111111111111111100000000111111000000011111111111111111111111111111110001111111110000000000000000000000000000000000000000000000000000
000000000000000000000000000000001111110000000000000011111111111111111111111111111100000000001111111111111111111111111111100000000001111110000000111111111111111111111111111111111111111111110000000000000000000000000000000000000000000000000000
000000000000000000000000000000001111100000000000000001111111111111111111111111110000000000000111111111111111111111111111000000000011110000001111111111111111111111111111111111111111111111110000000000000000000000000000000000000000000000000000
000000000000000000000000000000001111100000000000000000111111111111111111111111000000000000000011111111111111000111111110000000000000000011111111111111111111111111111111111111111111111111110000000000000000000000000000000000000000000000000000
000000000000000000000000000000001111100000000000000000011111111111111111111000000000000000000001111100000000000111111100000000000000000001111111111111111111111111111111111111111111111111110000000000000000000000000000000000000000000000000000
000000000000000000000000000000000111100000000000000000001111111111111111000000000000000000000000110000000011111111111100000000000000000000011111111111111111111111111111111111111111111111100000000000000000000000000000000000000000000000000000
000000000000000000000000000000000111100000000000000000001111111111111110000000000000000000000000000001111111111111111111100000000000000000000000111111111111111111000000001111111111111111100000000000000000000000000000000000000000000000000000
000000000000000000000000000000000111100000000000000000000111111111111110000000000000000000000000001011111111111111111111111110000000000000000000000000000000000000000000001111111111111111100000000000000000000000000000000000000000000000000000
000000000000000000000000000000000111100000000000000000000111111111111110000000000000000000000111111111111111111111111111111111111000000000000000000000000000000000000000011111111111111111100000000000000000000000000000000000000000000000000000
000000000000000000000000000000000111100000000000000000000011111111111110000000000000000000111111111111111111111111111111111111111100000000000000000000000000000000000000111111111111111111100000000000000000000000000000000000000000000000000000
000000000000000000000000000000000011100000000000000000000011111111111111000000000000001111111111111111111111111111111111111111111100000000000000000000000000000000011111111111111111111111111000000000000000000000000000000000000000000000000000
000000000000000000000000000000000011100000000000000000000011111111111111000000000001111111111111111111111111111111111111111111111100000000000000000000111000000000111111111111111111111111110000000000000000000000000000000000000000000000000000
000000000000000000000000000000000011100000000000000000000001111111110111111110000011111111111111111111111111111111111111111111111100000000000000000001111110000000011111111111111111111111100000000000000000000000000000000000000000000000000000
000000000000000000000000000000000001100000000000000000000001111111110011111111000111111111111111111111111111111111111111111111111100000000000000000001111111000000001111111111111111111100000000000000000000001000000000000000000000000000000000
000000000000000000000000000000000001110000000000000000000011111111001101111111101111111111111111111111111111111111111111111111111100000000000000000000111111110000000111111111111111111100000000000000000001110000000000000000000000000000000000
000000000000000000000000000000000001110000000000000000001111111110000010111111111111111111111111111111111111111111111111111111111100000000000000000000111111111100000001111111111111111110000000000000011110100000000000000000000000000000000000
000000000000000000000000000000000000110000000000000000111111111000000001011111111111111111111111111111111111111111111111111111111100000000000000000000011111111110000000000000011111111111111111111111100111000000000000000000000000000000000000
000000000000000000000000000000000000110000000000000001111111110000000000101111111111111111111111111111111111111111111111111111111100000000000000000000011111111111100000000011111111111111111111111111111000111000000000000000000000000000000000
000000000000000000000000000000000000110000000000000011111100100000000000010111111111111111111111111111111111111111111111111111111100000000000000000000011111111111110000001111111111111111111111111111111111000000000000000000000000000000000000
000000000000000000000000000000000000101000000000000011110001000001000000001111111111111111111111111111111111111111111111111111111000000000000000000000011111111111111100011111111111111111111111111111111110000000000000000000000000000000000000
000000000000000000000000000000000000011000000111111101100110000110100000001011111111111111111111111111111111111111111111111111111000000000000000000000011111111111111110111111111111111111111111111111111000000000000000000000000000000000000000
000000000000000000000000000000000000011000001000001110001000001010010000001011111111111111111111111100000001111111111111111111111000011100000000000000011111111111111111111111111111111111111111111111110000000000000000000000000000000000000000
000000000000000000000000000000000000011100010000111110010000001001001111000101111111111111111111111000000001111111111111111111111111111100000000000000011111111111111111111111111111111111111111111111000000000000000000000000000000000000000000
000000000000000000000000000000000000001100010001111110010000010100101000100100111111111111111111111000111111111111111111111111111111111000000000001100001111111111111111111111111111111111111111111110000000000000000000000000000000000000000000
000000000000000000000000000000000000001110100011111110001000010100100100010010111111111111111111110001000011111111111111111111111111110000000000111100000111111111111111111111111111111111111111111111000000000000000000000000000000000000000000
000000000000000000000000000000000000000110100111111111000100010010010100001010111111111111111111110011000001111111111111111111111111100000000001111111000011111111111001111111111111111111111111111111000000000000000000000000000000000000000000
000000000000000000000000000000000000000111101111111111000010010010010010001010011111111111111111110011100000111111111111111111111111000000000011111111111001111111111000111111111111111111111111111111100000000000000000000000000000000000000000
000000000000000000000000000000000000000101001111111111100010001001001010000101011111111111111111110001110000111011111111111111111110000000001111111111111110111111111000011111111111111111111111111111110000000000000000000000000000000000000000
000000000000000000000000000000000000000011001111111111100001001000101010000011001111111111111111110001011111010011111111111111111100000000011111111111111111011111111000000111111111111111111111111111110000000000000000000000000000000000000000
000000000000000000000000000000000000000001001111111111110001000100100100000011001111111111111111111000111111110011111000000000000000000001111111111111111111110011111000000000000000111111111111111111111000000000000000000000000000000000000000
000000000000000000000000000000000000000001100111111111110000100110100000000001000111111111111111111000111111111111110000000000000000000111111111111111111111111100111000000000000000111111111111111111111100000000000000000000000000000000000000
000000000000000000000000000000000000000000010111011111111000101010000000000000100111111111111111111100011111111111100000000000000000001111111111111111111111111111000000000000000000111111111111111111111110000000000000000000000000000000000000
000000000000000000000000000000000000000000010110111111111100011010000000000000100011111111111101111110000111111111000000000000000000111111111111111111111111111111110000000001111000111111111111111111111111000000000000000000000000000000000000
000000000000000000000000000000000000000000010100111111111100011001000000000000010011111111111011111111100001111111000000000000000001111111111111111011111111111111111100000011111100111111111111111111111100000000000000010000000000000000000000
000000000000000000000000000000000000000000010001111111111110001000100000000000010011111111110011111111111111111110000000000000011111111111111000000001111111111111111111000111111111111111111111111111111000000000000000110000000000000000000000
000000000000000000000000000000000000000000010001111111111110000100010000000000001001111111100011111111111111111100000000000011111111111111100000000000111111111111111111101111111111111111111110000000000000000000000000100000000000000000000000
000000000000000000000000000000000000000000010011111111111111000010001000000000001001111111000111111111111111111000000000011111111111111111000000000000011111111111111111111111111111111111111111000000000000000000000001000000000000000000000000
000000000000000000000000000000000000000000010011111111001101100010000100000000001000111100000111111111111111111111111111111111111111111110000000000000001111111111111111111111111111111111111111110000000000000000011110000000000000000000000000
000000000000000000000000000000000000000000010011111111100110110001000010000000000100011000001111111111111111111111111111111111111111111100000000000000000011111111111111111100110001111111111111111111111111111111100100000000000000000000000000
000000000000000000000000000000000000000000010011111111110010110000100001000000000101110000011111111111111111111111111111111111111111111100000001111111100000111111111111111011000000000111111111111111111111111111111000000000000000000000000000
000000000000000000000000000000000000000000010011111111111011011000110000100000000110000000111111111111111111111111111111111111111111111100000011111111111000011111111111111101100000000000000111111111111111111111100000000000000000000000000000
000000000000000000000000000000000000000000010011100001111101001100101000000000001100000001111111111111111111111111111111111111111111111100000111111111111100001111111111111110000000000000000000011111111111111111000000000000000000000000000000
000000000000000000000000000000000000000000001011100000111101001110010100000000010000000111111111111111111111111111111111111111111111111100000111111011111110000111111111111110000000111111111000111111111111111110000000000000000000000000000000
000000000000000000000000000000000000000000001011100000111111000110010011100001100000001111111111111111111111111111111111111111111111111100000111110001111111000111111111110000000001111111111111111111111111100000000000000000000000000000011110
000000000000000000000000000000000000000000001011100000111110100111001000011110000000111111111111111111111111111111111111111111111111111100000111110000111111100011111111100000000001111111111111111111111100000000000000000000000000000000111111
000000000000000000000000000000000000000000000101100000111111100011001000011000000011111111111111111111111111111111111111111111111111111100001111110000011111100011111111100000000011111111111111111111111100000000000000000000000000000011000111
000000000000000000000000000000000000000000000100100000111111100011100100100000001111111111111111111111111111111111111111111111111111111100001111110000001111100001111111110000000111111111110000111111111110000000000000000000000000001100000111
000000000000000000000000000000000000000000000100000000111111100011100111000000011111111111111111111111111111111001111111111111111111111100001111111100000111100001111111110000000111111111100000111111111111000000000000000000000000110000001111
000000000000000000000000000000000000000000000010000000001111100011110100000001111111111111111111111100000011110000111111111111111111111100001111110010000011100001111111110000000011111111110000011111111111100000000000000000000111000000011111
000000000000000000000000000000000000000000000010000000001111110011111000000011111111111111111111111000000001100000001111111111111111111100001111111001000001100001111111111000111111111111111000001111111111110000000000000000011000000000111111
000000000000000000000000000000000000000000000001000000011111110011110000000111111111101111111111111000000001000000000111111111111111111100001111111001100001100001111111111100111111111111111100000111111111111000000000000011100000000011111111
000000000000000000000000000000000000000000000001000101111111110011100000001111111111111111111111110000000110000000000011111111111111111100001111111001110001100001111111111110111111111111111111001111111111111100000000001100000000011111111111
000000000000000000000000000000000000000000000000100010111111110011000000111111111110111111111111100000011111100000000001111111111111111100000111111100110001100001111111111111111111111111111111111111111111111110000000110000000001111111111111
000000000000000000000000000000000000000000000000010001111111110100000001111111111001111111111111000001111111111100000000011111111111111100000011111100110011100011111111111111111111111111111111111111111111111111000111000000001111111111111100
000000000000000000000000000000000000000000000000001001111111111000000011111111110011111111111110000111111111110000000000001111111111111100000001110100110011100011111111111111111111111111111111111111111111111111111000000000111111111111111000
000000000000000000000000000000000000000000000000000100111111110000000111111111001111111111111110111111111111100000000000001111111111111100000000000100110011100011111111111111111111111111111111111111111111111111100000000011111111111111100000
000000000000000000000000000000000000000000000000000010011111100000011111111111000111111111111111111111100000000000000000000111111111111100000000000100110111000011111111111111100000000000000000111111111111111110000000011111111111111110000000
000000000000000000000000000000000000000000000000000010001110000000111111111100101111111111111111111110000000000000000000000111111111111100000000000100100111000111111111111100000000000000000000000011111111111000000001111111111111111000000000
000000000000000000000000000000000000000000000000000001000100000001111111110100111111111111111111111000000001100000000000000111111111111100000000000101000111000111111111110000011111111111110000000000111111010000000111111111111111110000000000
000000000000000000000000000000000000000000000000000000001000000011111111000100111111111111111111110000000001100000000000000011111111111110000000000101000110000111111110000001111111111111111100000000011111100000011111111111111111000000000000
000000000000000000000000000000000000000000000000000000010000001111111100100011111111111111111111100000000011000000000000000001111111111111000000011101000110001111111100000011111111111111111111000000000111110000111111111111111110000000000000
000000000000000000000000000000000000000000000000000011100000011111111010100111111111111111111111100000000011000000000000000001111111111100000000111001001110001111111000000111111111111111111111100000000011111111111111111111111100000000000000
000000000000000000000000000000000000000000000000000110000000111111110010101111111111111111110011000000000110000000000000000000000000000000000001111001001100011111111000001111111111111111111111111000000001111111111111111111111000000000000000
000000000000000000000000000000000000000000000000001100000001111111100001111111111111111111100111000000001100000000000000000000000000000000000001111100101000011111111000001111111111111111111111111100000001111111111111111111110000000000000000
000000000000000000000000000000000000000000000000011000000011111111100001111111111111111111001011000000011000000000000000000000000000000000000001111111111000010011111000001111111111111111111111111100000000111111111111111111100000000000000000
000000000000000000000000000000000000000000000000110000000111111111110011111111111111111110010010000001110000000000000000000000000000000000000001111111110000100001000000001111111111111100011111111110000000111111111111111111000000000000000000
000000000000000000000000000000000000000000000000100000001111111111110111111111111111101111100100000111100000000000000000000000000000000000000000111111110000110001000000001111111111111100001111111011000000011111111111111111000000000000000000
000000000000000000000000000000000000000000000001000000011111111111110111111111111111101111111000011111000000000000000000000000000000000000000000011000100000110001000000001111111110111100011100000011100000011111111111111111000000000000000000
000000000000000000000000000000000000000000000010000001111111111111110011111111110111100111100000111100000000000000000000000000000000000000000000000001000001110001000000001111111111111101110000001111110000011111111111111110000000000000000001
000000000000000000000000000000000000000000000100000011111111111111111000111111100111100000001111110000000000000000000000000000000000000000000000000001000001110000100000001111111111111111100000011111110000001111111111111110000000000000000010
000000000000000000000000000000000000000000000100000111111111111111111100001111111111110000011110000000011100000000000000000000000000000000000000000010000001110000100000001111111111111111000001111111111000001111111111111110000000000000000100
000000000000000000000000000000000000000000001000001111111111111111111110000111111111110000011110000000100000000000000000000000000000000000000000000100011001110000100000000111111111111000000111111111111000001111111111111100000000000000001000
000000000000000000000000000000000000000000010000011111111110001111111111000001111111111111110001100011000000000000000000000000000000000000000000000100111101110000010000000111111111100000011111111111111000001111111111111110000000000000010000
000000000000000000000000000000000000000000100001111111111110000001111111100000111111110000000110100100100111110000000000000000000000000000000000000101101111110000010000000111111110000001111111111111111000001111111111111111000000000000100000
000000000000000000000000000000000000000001000011111111111110000000011111100000111000001111111011101001101000001100000000000000000000000000000000000101101011110000001000000111110000000111111111111111111000001111111111111111100000000001000000
000000000000000000000000000000000000000010000111111111111110000011111111010000111000000011000111010010000000000010000000000000000000000000000000000110001111111000000100011110000000011111111111111111110000001111111111111111110000000010000000
000000000000000000000000000000000000000100001111111011111110000111110001110000110000000000111111100110000000000001000000000000000000000000000000000111111111111000000101100000000001111111111111111110010000001111111111111111111000000100000000
000000000000000000000000000000000000001000111111111011111110000011111111110001010000000000011111011100000000000000100000000000000000000000000000000111111111111000000110000000000111111111111111110000100000001111111111111111111100000100000000
000000000000000000000000000000000000001001111111111011111111000000001111010001000000000000011110111000000000000000010000000000000000000000000000000111111111111000011000000000111111111111111110000001000000010111111111111111111110000100000000
000000000000000000000000000000000000010011111111111001111111110000000001110001000000000000011111111000000000000000010000000000000000000000000000000111111111111111100000000011111111111111111100000010000000010011111111111111111110001000000000
000000000000000000000000000000000000100011111111111101111111111100000001110010000000000000011111110000000000000000001000000000000000000000000000000111111111111100000000001111111111111111111000000100000000010000111111111111111110011000000000
000000000000000000000000000000000001000111111111111101111111100000000001010010000000000000011111110000000000000000000100000000000000000000000000000111111111111100000001111111111111111111100000001000000000100000011111111111111110110000000000
000000000000000000000000000000000010001111111111111110111111100000000001100010000000000000011111100001100000000000000010000000000000000000000000000111111111110000000011111111111111111111000000001000000001000000001111111111111111110000000000
000000000000000000000000000000000100011111111111111111011111110000000001000010000000000000011111100011000000000000000010000000000000000000000000000111111111100000011111111111111111111110000000010000000001100000001111111111111111110000000001
000000000000000000000000000000001000111111111111111111111111111000000001000010000000000000001111101110000000000000000001000000000000000000000000000111111110000001111111111111111111111110000000010000000011110000001111111111111111100000000011
000000000000000000000000000000010001111111111111111111001111110000000001000010000000000000001111110100000000000000000000100000000000000000000000000111110000011111111111111111111111111100000000010000000111111000000111111111111111100000000111
000000000000000000000000000000100011111111111111111110001111100000000001000010000000000000001111111000000000000000000000100000000000000000000000001110000111111111111111111111111111111100000000100000011111111100000111111111111111000000001111
000000000000000000000000000001000111111111111111111100000111100000000010000010000000000000001111110000000000000000000000010000000000000000000001110000011111111111111111111111111111111100000000110011111111111110000111111111111111000000011111
000000000000000000000000000010001111111111111111100000000111100000000010000010000000000000001111100000000000000000000000010000000000000000011110000011111111111111111111111111111111111000000000111111111111111111000011111111111110000000111111
000000000000000000000000000010001111111111111111000000000011100000000010000100000000000000001111000000000000000000000000000100000000000001100000000111111111111111111111111111111111111000000001111111111111111111000011111111111110000000111111
000000000000000000000000000100011111111111111100000000000001100000000010000100000000000000001110000000000000000000000000000100000000000110000000111111111111111111111111111111111111111000000001111111111111111111000011111111111110000001111111
000000000000000000000000001000111111111111110000000000000000110000000100000100000000000000001110000000000000000000000000000010000000001000000111111111111111111111111111111111111111111000000001111111111111111111000011111111111110000001111111
000000000000000000000000010001111111111111000000000000000000011000000100001000000000000000001100000000000000000000000000000010000000010000011111111111111111111111111111111111111111111000000001111111111111111111000011111111111100000001111111
000000000000000000000000010001111111111100000000000000000000000000001000001000000000000000000100000000000000000000000000000001000000010000011111111111111111111111111111111111111111111000000011111111111111111111000011111111111100000001111110
000000000000000000000000010001111111110000000000000000000000000000001000000000000000000000000100000000000000000000000000000001000000010000011111111111111111111111111111111111111111111000000011111111111111111111000011111111111010000011111110
000000000000000000000000010011111111000000000000000000000000000000001000000000000000000001000000000000000000000000000000000000100000100000011111111111111111111111111111111111111111111000000011111111111111111111000011111111111011000011111100
000000000000000000000000001011111100000000000000000000000000000000001011111111111111111110000000000000000000000000000000000000100000100000011111111111111111111111111111111111111111111000000011111111111111111111000011111111100100110011111100
000000000000000000000000001111110000000000000000000000000000000000010111111111111111110110000000000000000000000000000000000000000000100000011111111111111111111111111111111111111111111000000011111111111111111111000011111111110110001111111000
000000000000000000000000000000000000000000000000000000000000000000001111111111111100001100000000000000000000000000000000000000000000100000011111111111111111111111111111111111111111111000000011111111111111111111000011111111111100011111111001
000000000000000000000000000000000000000000000000000000000000000000010111111111111111111000000000000000000000000000000000000000000001110000001111111111111111111111111111111111111111111000000011111111111111111111000011111110111001011111111010
000000000000000000000000000000000000000000000000000000000000000000000000000001111111111000000000000000000000000000000000000000000001110000000111111111111111111111111111111111111111111100000011111111111111111111000011111110101000111111110000
000000000000000000000000000000000000000000000000000000000000000000000000000000000001110000000000000000000000000000000000000000000001111000000001111111111111111111111111111111111111111100000011111111111111111111000011111110101011011111110100
000000000000000000000000000000000000000000000000000000000000000000000000000000000001100000000000000000000000000000000000000000000000111100000001111111111111111111111111111111111111111100000011111111111111111111000011111111010111011111110100
000000000000000000000000000000000000000000000000000000000000000000000000000000000001000000000000000011000000000000000000000000000000111110000000111111111111111111111111111111111111111100000001111111111111111111000011111110111111011111110100
000000000000000000000000000000000000000000000000000000000000000000000000000000000001000000000000111100000111100000000000000000000000111111000000011111111111111111111111111111111111111110000001111111000000011110000011111010101101011111100000
000000000000000000000000000000000000000000000000000000000000000000000000000000000001000000000111100000111111010000000000000000000000011111100000001111111111111111111111111111111111111110000001111100000000000111000011111011011001011111101000
000000000000000000000000000000000000000000000000000000000000000000000000000000000001000001111100000111000001100000000000000000000000001111110000000111111111111111111111111111111111111111000000111000000000000001000011111110111011111111101000
000000000000000000000000000000000000000000000000000000000000000000000000000000000111111111000000011100000000000000000000000000000000000111111000000011111111111111111111111111111111111111100000110000000000000000100011111110111111111111101000
000000000000000000000000000000000000000000000000000000000000000000000000000000000011100000000011110000000000000000000000000000000000000011111100000011111111111111111111111111111111111111100000110000000000000000010111111111111111111111101000
000000000000000000000000000000000000000000000000000000000000000000000000000000000001110000001110000000000000000000000000000000000000000001111110000001111111111111111111111111111111111111110000001000000000000000001111111111111111111111010000
000000000000000000000000000000000000000000000000000000000000000000000000000000000000011111110000000000000000000000000000000000000000000000111111000000111111111111111111111111111111111111110000000100000000000000001111111111111111111111010000
000000000000000000000000000000000000000000000000000000000000000000000000000000000000000001100000000000000000000000000000000000000000000000011111100000111111111111111111111111111111111111111000000010111000000000000111111111111111111111010000
000000000000000000000000000000000000000000000000000000000000000000000000000000000000000001100000000000000000000000000000000000000000000000011111110000011111111111111111111111111111111111111000000001111110000000000111111111111111111111010000
000000000000000000000000000000000000000000000000000000000000000000000000000000000000000011100000000000000000000011100000000000000000000000011111111000001111111111111111111111111111111111111100000000000001100000000011111111111111111110100000
000000000000000000000000000000000000000000000000000000000000000000000000000000000000000011100000000000000000111111100000000000000000000000011111111100001111111111111111111111111111111111111110000000000000010000000011111111111111111110100000
000000000000000000000000000000000000000000000000000000000000000000000000000000000000000011100000000000000011111110000000000000000000000000011111111110000111111111111111111111111111111111111011100000000000001000000011111111111111111110000000
000000000000000000000000000000000000000000000000000000000000000000000000000000000000000011100000000000001111111110000000000000000000000000111111111110000011111111111111111111111111111111111001110000000000001000000011111111111111111110100000
000000000000000000000000000000000000000000000000000000000000000000000000000000000000000001110000000001111111111100000000000000000000000001111111111111000001111111111111111111111111111111111000011100000000011100000001111111111111111110100000
000000000000000000000000000000000000000000000000000000000000000000000000000000000000000000111111111111111111111000000000000000000000000011111111111111100000111111111111111111111111111111111000001111100001111100000001111111111111111111000000
000000000000000000000000000000000000000000000000000000000000000000000000000000000000000000011111111111111111111000000000000000000000001111111111111111110000011111111111111111111111111111111000000111111111111110000001111111111111111101000000
000000000000000000000000000000000000000000000000000000000000000000000000000000000000000000001111111111111111110000000000000000000000011111111111111111111000001111111111111111111111111111111000000111111011111110000000111111111111111110000000
000000000000000000000000000000000000000000000000000000000000000000000000000000000000000000000000111111111111100000000000000000000001111111111111111111111100000111111111111111111111111111111000000111110011111110000000111111111111111110000000
000000000000000000000000000000000000000000000000000000000000000000000000000000000000000000000000000011111110000000000000000000000111111111111111111111111110000011111111111111111111111111111000000111110011111110000000111111111111111100000000
000000000000000000000000000000000000000000000000000000000000000000000000000000000000000000000000000011110000000000000000000000001111111111111111110011111111000001111111111111111111111111111000000011110011111111000000111111111111111100000000
000000000000000000000000000000000000000000000000000000000000000000000000000000000000000000000000000010000000000000000000000000111111111111111111100001111111100000111111111111111111111111111000000011110011111111000000111111111111111100000000
000000000000000000000000000000000000000000000000000000000000000000000000000000000000000000000000000010010000000000000000000001111111111111111111100000111111110000011111111111111111111111111000000011110011111111000000111111111111111100000000
000000000000000000000000000000000000000000000000000000000000000000000000000000000000000000000000000010011000000000000000000111111111111111111111100000001111110000001111111111111111111111111100000011110001111111000000111111111111111100000000
000000000000000000000000000000000000000000000000000000000000000000000000000000000000000000000000000010011000000000000000011111111111111111111111100000000111111000000111111111111111111111111100000011110001111111000000111111111111111100000000
000000000000000000000000000000000000000000000000000000000000000000000000000000000000000000000000000110001100000000000000111111111111111111111111110000000111111100000011111111111111111111111100000011110001111111000000111111111111111100000000
000000000000000000000000000000000000000000000000000000000000000000000000000000000000000000000000000110001110000000000001111111111111111111111111111100000011111110000001111111111111111111111100000011110001111111000000111111111111111100000000
000000000000000000000000000000000000000000000000000000000000000000000000000000000000000000000000000110001111000000000011111111111111111111111111111111000001111111000000111111111111111111111100000011111001111111000000011111111111111100000000
000000000000000000000000000000000000000000000000000000000000000000000000000000000000000000000000000110000111100000001111111111111111111111111111111111110001111111000000011111111111111111111110000001111000111111000000011111111111111100000000
000000000000000000000000000000000000000000000000000000000000000000000000000000000000000000000000000110000011000000111111111111111111111111111111111111111101111111100000011111111111111111111110000001111000111111000000011111111111111100000000
000000000000000000000000000000000000000000000000000000000000000000000000000000000000000000000000000010000000000111111111111111111111111111111111111111111111111111110000001111111111111111111111000001111100111111000000011111111111111110000000
000000000000000000000000000000000000000000000000000000000000000000000000000000000000000000000000000011000000011111111111111111111110000000000011111111111111111111111000000111111111111111111111000000111110011111000000011111111111111111001100
000000000000000000000000000000000000000000000000000000000000000000000000000000000000000000000000000001100000111111111111111111110000000000000000011111111111111111111100000111111111111111111111100000011111100011000000011111111111111111000000
000000000000000000000000000000000000000000000000000000000000000000000000000000000000000000000000000000110001111111111111111111100000000000000000000000011111111111111110000011111111111111111111100000001111000010000000011111111111111111010000
000000000000000000000000000000000000000000000000000000000000000000000000000000000000000000000000000000011111111111111111111111000000000000000000111111111111111111111111000001111111111111111111110000001000000010000000011111111111111111010010
000000000000000000000000000000000000000000000000000000000000000000000000000000000000000000000000000000001111111111111111111100000000000000000111101110011111111111111111000001111111111111111111110000010000000010000000011111111111111110110010
000000000000000000000000000000000000000000000000000000000000000000000000000000000000000000000000000000111111111111111000010000000000000000001100110111000011111111111111100001111111111111111111110000010000000100000000000111111111111111011010
000000000000000000000000000000000000000000000000000000000000000000000000000000000000000000000000000011111111111111100001100000000000000000011111111100000011111111111111100000111111111111111111111000100000000100000000000001111111111111001001
000000000000000000000000000000000000000000000000000000000000000000000000000000000000000000000000000111111111111100000010000000000000000000011010111111101110111111111111100000111111111111111111111100100000000100000000000000111111111111000101
000000000000000000000000000000000000000000000000000000000000000000000000000000000000000000000000011111111111110000001100000000000000000000111010111110111010111111111111110000111111111111111111111100100000000100000001100000001111111111100100
000000000000000000000000000000000000000000000000000000000000000000000000000000000000000000000011111111111111000000110000000000000000000000111110111111111010111111111111110000111111111111111111111110100000001000000001100000000111111111100010
000000000000000000000000000000000000000000000000000000000000000000000000000000000000000000001111111111111110000001000000000000000000000000110010111111110010111111111111110000011111111111111111111110100000001000000011110000000011111111110001
000000000000000000000000000000000000000000000000000000000000000000000000000000000000000000111111111111111000000110000000000000000000000000110011111111111111111111111111110000011111111111111111111111100000001000000111111000000001111111110001
000000000000000000000000000000000000000000000000000000000000000000000000000000000000000011111111111111100000011000000000000000000000000001110010111111111101111111111111110000011111111111111111111111100000001000111111111100000000111111110000
000000000000000000000000000000000000000000000000000000000000000000000000000000000000001111111111111111000001100000000000000000000000000001111010111111111100011111111111110000111111111111111111111111100000001111101111111110000000011111111000
000000000000000000000000000000000000000000000000000000000000000000000000000000000000011111111111111100000010000000000000000000000000000001101011011111111001111111111111100000111111111111111111111111100000011111101111111111000000011111111000
000000000000000000000000000000000000000000000000000000000000000000000000000000000001111111111111110000011100000000000000000000000000000011101011011111111111111111111111000001111111111111111111111111100000011111101111111111000000011111111000
000000000000000000000000000000000000000000000000000000000000000000000000000000000011111111111111100000100000000000000000000000000000000110011011111111111111111111111100000011111111111111111111111111100000011111101111111111100000001111111100
000000000000000000000000000000000000000000000000000000000000000000000000000000000111111111111111100001000000000000000000000000000000001110011111001111111111111111100000000111111111111111111111111111100000011111101111111111100000001111111110
