00100010101000111111100011000110001
11110100011000111110100011000111110
01110100011000010000100001000101110
11110100011000110001100011000111110
11111100001000011111100001000011111
11111100001000011111100001000010000
01110100011000010011100011000101110
10001100011000111111100011000110001
11111001000010000100001000010011111
11111000010000110001100011000101110
10001100101010011000101001001010001
10000100001000010000100001000011111
10001100011101110101100011000110001
10001100011100110101100111000110001
01110100011000110001100011000101110
11110100011000111110100001000010000
01110100011000110001101011001101111
11110100011000111110101001001010001
01111100001000001110000010000111110
11111001000010000100001000010000100
10001100011000110001100011000101110
10001100011000110001100010101000100
10001100011000110101110111000110001
10001100010101000100010101000110001
10001100010101000100001000010000100
11111000010001000100010001000011111
