0000000000000000000000000000000000000000000000000000000000000000000000000000000000000000000000000000000000000000000000000000000000000000000000000000000000000000000000000000000000000000000000000000000000000000000000000000000000000000000000000000000000000000000000000000000000000000
0000000000000000000000000000000000000000000000000000000000000000000000000000000000000000000000000000000000000000000000000000000000000000000000000000000000000000000000000001000000000000000000000000000000000000000000000000000000000000000000000000000000000000000000000000000000000000
0000000000000000000000000000000000000000000000000000000000000000000000000000000000000000000000000000000000000000000000000000000000000000000000000000000000000000000000000000000000000000000000000000000000000000000000000000000000000000000000000000000000000000000000000000000000000000
0000000000000000000000000000000000000000000000000000000000000000000000000000000000000000000000000000000000000000000000000000000000000000000000000000000000000000000000000000000000000000000000000000000000000000000000000000000000000000000000000000000000000000000000000000000000000000
0000000000000000000000000000000000000000000000000000000000000000000000000000000000000000000000000000000000000000000000000001000000000000000000000000000000000000000000000000000000000000000000000000000000000000000000000000000000000000000000000000000000000000000000000000000000000000
0000000000000000000000000000000000000000000000000000000000000000000000000000000000000000000000000000000000000000000000000000000000000000000000000000000000000000000000000000000000000000000000000000000000000000000000000000000000000000000000000000000000000000000000000000000000000000
0000000000000000000000000000000000000000000000000000000000000000000000000001000000000000000000000000000000000000000000000000000000000000000000000000000000000000000000000000000000000000000000000000000000000000000000000000000000000000000000000000000000000000000000000000000000000000
0000000000000000000000000000000000000000000000000000000000000000000000000000000000000000000000000000000000000000000000000000000000000000000000000000000000000000000000000000000000000000000000000000000000000000000000000000000000000000000000000000000000000000000000000000000000000000
0000000000000000000000000000000000000000000000000000000000000000000000000000000000000000000000000000000000000000000000000000000000000000000000000000000000000000000000000000000000000000000000000000000000000000000000000000000000000000000000000000000000000000000000000000000000000000
0000000000000000000000000000000000000000000000000000000000000000000000000000000000000000000000000000000000000000000000000000000000000000000000000000000000000000000000000000000000000000000000000000000000000000000000000000000000000000000000000000000000000000000000000000000000000000
0000000000000000000000000000000000000000000000000000000000000000000000000000000000000000000000000000000000000000000000000000000000000000000101010000000000000000000000000000000000000000011000000000000000000000000000000000000000000000000000000000000000000000000000000000000000000000
0000000000000000000000000000000000000000000000000000000000000000000000000000000000000000000000000000000000000000000000000000000000000011110000000110000000000000000000000000000000000000000000000000000000000000000000000000000000000000000000000000000000000000000000000000000000000000
0000000000000000000000000000000000000000000000000000000000000000000000000000000000000000000000000000000000000000000000000000000000000111000001000000000000110000000000000000000000000000000000000000000000000000000000000000000000000000000000000000000000000000000000000000000000000000
0000000000000000000000000000000000000000000000000000000000000000000000000000000000000000000000000000000000000000000000000000000000011000000001100001111111011100000000000000000000000000000000000000000000000000000000000000000000000000000000000000000000000000000000000000000000000000
0000000000000000000000000000000000000000000000000000000000000000000000000000000000000000000000000000000000000000000000000000000000000000001111001111001111110111000000000000000000000000000000000000000000000000000000000000000000000000000000000000000000000000000000000000000000000000
0000000000000000000000000000000000000000000000000000000000000000000000000000000000000000000000000000000000000000000000000000000000000000011111111100111111111111111000000000000000000000000001000000000000000000000000000000000000000000000000111100000000000000000000000000000000000000
0000000000000000000000000000000000000000000000000000000000000000000000000000000000000000000000000000000000000000000000000000001100111111111100111111111111111111111111000000000000000000000000000011111111100000000000000000000000000000000000000000000000000000000000000000000000000000
0000000000000000000000000000000000000000000000000000000000000000000000000000000000000000000000000000000000000000000000000000001111111100000100000001111111111101111111100000000000000000000000000000000000000000000000000000000000000000000000000000000000000000000000000000000000000000
0000000000000000000000000000000000000000000000000000000000000000000000000000000000000000000000000000000000000000000000000000000111111111110011111000011111101111111111110000000000000000000000000000000000000000000000000000000000000000000000000000000000000000000000000000000000000000
0000000000000000000000000000000000000000000000000000000000000000000000000000000000000000000000000000000000000000000000000000000011111111111111111111111100111111101111111000000000000000000000000000000000000000000000000000000000000000000000000000000000000000000000000000000000000000
0000000000000000000000000000000000000000000000000000000000000000000000000000000000000000000000000000000000000000000000000000001111111111111111111111111111111001001101101110000000000000000000000000000000000000000000000000000000000000000000000000000000000000000000000000000000000000
0000000000000000000000000000000000000000000000000000000000000000000000000000000000000000000000000000000000000000000000000000000010000011110111111111100001110011100000110111000000000000000000000000000000000000000000000000000000000000000000000000000000000000000000000000000000000000
0000000000000000000000000000000000000000000000000000000000000000000000000000000000000000000000000000000000000000000000000000000000001111111111111111101101111111111101001011100000000000000000000000000000000000000000000000000000000000000000000000000000000000000000000000000000000000
0000000000000000000000000000000000000000000000000000000000000000000000000000000000000000000000000000000000000000000000000000110001111111111111111111111101111111111111100111100000000000000000000000000000000000000000000000000000000000000000000000000000000000000000000000000000000000
0000000000000000000000000000000000000000000000000000000000000000000000000000000000000000000000000000000000000000000000000000011111111111111111111111111001111111111111100111100000000000000000000000000000000000000000000000000000000000000000000000000000000000000000000000000000000000
0000000000000000000000000000000000000000000000000000000000000000000000000000000000000000000000000000000000000000000000000000101010000011111111111111111001111111101110001101110000000000000000000000000000000000000000000000000000000000000000000000000000000000000000000000000000000000
0000000000000000000000000000000000000000000000000000000000000000000000000000000000000000000000000000000000000000000000000001110100111111111111111111111111100111101110101100111000000000000000001100000000000000000000000000000000000000000000000000000000000000000000000000000000000000
0000000000000000000000000000000000000000000000000000000000000000000000000000000000000000000000000000000000000000000000000010000001111111111111111111111111111111101111101100111100000000000000000000000000000000000000000000000000000000000000000000000000000000000000000000000000000000
0000000000000000000000000000000000000000000000000000000000000000000000000000000000000000000000000000000000000000000000000000000101111111101111111111111111111111011110001100111110000000000000000000000000000000000000000000000000000000000000000000000000000000000000000000000000000000
0000000001111000000000000000000000000000000000000000000000000000000000000000000000000000000000000000000000000000000000000001110011111111111111111111111111111111011110111100101110000000000000000000000000000000000000000000000000100000000100000000000000000000000000000000000000000000
0000000000000000000000000000000000000000000000000000000000000000000000000000000000000000000000000000000000000000000000010000100110111111111111111111111111111111111101111110001111000000000000000000000000000000000000000000000000000000000000000000000000000000000000000000000000000000
0000000000000000000000000000000000000000000000000000000000000000000000000000000000000000000000000000000000000000000000010001100011111111111111111111111111111001111111111111111101000000000001000000000000000000000000000000000000000000000000000000000000000000000000000000000000000000
0000000000000000000000000000000000000000000000000000000000000000000000000000000000000000000000000000000000000000000000000011011111111111111111111111111111111111111111111111101111000000000000000000000000000000000000000000000000000000000000000000000000000000000000000000000000000000
0000000000000000000000000000000000000000000000000000000000000000000000000000000000000000000000000000000000000000001000000000110000000111011111100111111111111111111111111111110101000000000000000000000000000000000000000000000000000010000000000000000000000000000000000000000000000000
0000000000000000000000000000000000000000000000000000000000000000000000000000000000000000000000000000000000000000000000000000011100100000000011111111111111110111111111111111111111000000000000000000000000000000000000000000000000000000000000000000000000000000000000000000000000000000
0000000000000000000000000000000000000000000000000000000000000000000000000000000000000000000000000000000000000000000000000000011000000000000000000111000000000000001111111111111111000000000000000000000000000000000000000000000000000000000000000000000000000000000000000000000000000000
0000000000000000000000000000000000000000000000000000000000000000000000000000000000000000000000000000000000000000000001100001100100000000000000000010000000000000000001111111111111000000000000000000000000000000000000000000000000000000000111111000000000000000000000000000000000000000
0000000000000000000000000000000000000000000000000000000000000000000000000000000000000000000000000000000000000000000011110111000100000000000000000000000000000000000000011111111111000000000000000000000000000000000000000000000000000000000000000000000000000000000000000000000000000000
0000000000000000000000000000000000000000000000000000000000000000000000000000000000000000000000000000000000000000000000110011000100000000000000000000000000000000000000001111111111000000000000000000000000000000000000000000000000000000000000000000000000000000000000000000000000000000
0000000000000000000000000000000000000000000000000000000000000000000000000000000000000000000000000000000000000000000000111000100100000000000000000000000000000000000000001111111111000000000000000000000000000000000000000000000000000000000000000000000000000000000000000000000000000000
0000000000000000000000000000000000000000000000000000000000000000000000000000000000000000000000000000000000000000000010011111000000000000000000000000000000000000000000000111111111000000000010000000000000000000000000000000000000000000000000000000000000001000000000000000000000000000
0000000000000000000000000000000000000000000000000000000000000000000000000000000000000000000000000000000000000000001000111100000100000000000000000000000000000000000000000111111110000000000101111111110000000000000000000000000000000000000000000000000000000000000000000000000000000000
0000000000000000000000000000000000000000000000000000000000000000000000000000000000000000000000000000000000000000000011111000000000000000000000000000000000000000000000000111111111000000000000000000000000000000000000000000000000000000000000000000000000000000000000000000000000000000
0000000000000000000000000000000000000000000000000000000000000000000000000000000000000000000000000000000000000000000111110100000000000000000000000000000000000000000000000111111110000000000000000000000000000000000000000000000000000000000000001100000000000000000000000000000000000000
0000000000000000000000000000000000000000000000000000000000000000000000000000000000000000000000000000000000000000000111101100000000000000000000000000000000000000000000000001111111000000000000000000000000000000000000000000000000000000000000000000000000111000000000000000000000000000
0000000000000000000000000000000000000000000000000000000000000000000000000000000000000000000000000000000000000000000111101000001000000000000000000000000000000000000000000111111111000000000000000000000000000000000000000000000000000000000000000000000000000000000000000000000000000000
0000000000000000000000000000000000000000000000000000000000000000000000000000000000000000000000000000000000000000000111001000001000000000000000000000000000000000000000000011111111000000000000000000000000000000000000000000000000000000000000000000000000000000000000000000000000000000
0000000000000000000000000000000000000000000000000000000000000000000000000000000000000000000000000000000000000000000110001100001000000000000000000000000000000000000000000010111111000000000000000000000000000000000000000000000000000000000000000000000000000000000000000000000000000000
0000000000000000000000000000000000000000000000000000000000000000000000000000000000000000000000000000000000000000000100011110101000000000000000000000000000000000000000000011111110000000000000000000000000000000000000000000000000000000000000000000000000000000000000000000000000000000
0000000000000000000000000000000000000000000000000000000000000000000000000000000000000000000000000000000000000000000000110001000001000000000000000000000000000000000000000011111110000000000000000000000000000000000000000000000000000000000000000000000000000000000000000000000000000000
0000000000000000000000000000000000000000000000000000000000000000000000000000000000000000000000000000000000000000000011110010000011111111000000000000000000000000000000000011111110000000000000000000000000000000000000000000000000000000000000000000000000000000000000000000000000000000
0000000000000000000000000000000000000000000000000000000000000000000000000000000000000000000000000000000000000000000001000010001111111111111100000000000000000000000000000011111110000000000000000000000000000000000000000000000000000000000000000000000000000000000000000000000000000000
0000000000000000000000000000000000000000000000000000000000000000000000000000000000000000101111111100000110100000000001100000011000000011111110000000000000000000000000000011111110000000000000000000000000000000000000000000000000000000000000000000000000000000000000000000000000000000
0000000000000000000000000000000000000000000000000000000000000000000000000000000000000000000000000000000000000000000000111100110000000000001111010000001100000000000000000011111110000000000000000000000000000000000000000000000000000000000000000000000000000000000000000000000000000000
0000000000000000000000000000000000000000000000000000000000000000000000000000000000000000000000000000000000000000000000101000100000000000000011000011111111111100000000000011110100000000000000000000000000000000000000000000000000000000000000000000000000000000000000000000000000000000
0000000000000000000000000000000000000000000000000000000000000000000000000000000000000000111100000000000000000100000000100001100111111111100011000000010111111111100000000011111100000000000000000000000000000000000000000000000000000000000000000000000000000000000000000000000000000000
0000000000000000000000000000000000000000000000000000000000000000000000000000000000000000000000000000000000000000000000110101001111111111111011100000010000011111110000000011101100000011100100000000000000000000000000000000000000000000000000000000000000000000000000000000000000000000
0000000000000000000000000000000000000000000000000000000000000000000000000000000000000000000000000000000000000000000000100010001100011110011001000000001110000000011101000011111000000000000000000000000000000000000000000000000001000000000000000000000000000000000000000000000000000000
0000000000000000000000000000000000000000000000000000000000000000000000000000000000000000000000000000000000000000000000000000010000000000010001100000000111110000000010000011110000000000000000000000000000000000000000000000000000000100000000000000000000000000000000000000000000000000
0000000000000000000000000000000000000000000000000000000000000000000000000000000000000000000000000000000000000000000000001001100000000000000001110000000001111110000001100111110000000000000000000000000000000000000000000000000000000000000000000000000000000000000000000000000000010010
0000000000000000000000000000000000000000000000000000000000000000000000000000000000000000011111111111111111110001110000001000000000000000000001000000000110011011110001000011100000000000000000000000000000000000000000000000000000000000000000000000000000000000000000000000000000000000
0000000000000000000000000000000000000000000000000000000000000000000000000000000000000000000000000000000000000001011000000000000000000000000001000000000000000000111100000011000000000000000000000000000000000000000000000000000000000000000000000000000000000000000000000000000000000000
0000000000000000000000000000000000000000000000000000000000000000000000000000000000000000000000000000000000000011001100000000100000000000000000000000000010000000000000000111000000000000000000000000000000000000000000000000000000000000000000000000000000000000000000000000000000000000
0000000000000000000000000000000000000000000000000000000000000000000000000000000000000000000000000000000000000010001100000000000000000000000001100000000000000000000000000111000000000000000000000000000000000000000000000000000000000000000000000000000000000000000000000000000000000000
0000000000000000000000000000000000000000000000000000000000000000000000000000000000000000000000000000000000000010001100000000000000000000000001000000000000000000000000000111000000000000000111100000000000000000000000000000000000000000000000000000000000000000000000000000000000000000
0000000000000000000000000000000000000000000000000000000000000000000000000000000000000000000000000000000000000010011000000010000000000000000011000000000000000000000000000110000000000000000000000000000000000000000000000000000000000000000000000000000000000000000000000000000000000000
0000000000000000000000000000000000000000000000000000000000000000000000000000000000000000000000000000000000000000110100000010000000000000000001000000000000000000000000000110100000000000000000000000000000000000000000000000000000000000000000000000000000000000000000000000000000000000
0000000000000000000000000000000000000000000000000000000000000000000000000111111111111111110000000000000000000000111010000010000000000000010000000000000000000000000000001100110000000000000000000000000000000000000000000000000000000000000000000000000000000000000000000000000000000000
0000000000000000000000000000000000000000000000000000000000000000000000000000000000000000000000000000000001111101110110000000000000000000000000000000000000000000000000001000110000000000000000000000000000000000000000000000000000000000000000000000000000000000000000000000000000000000
0000000000000000000000000000000000000000000000000000000000000000000000000000000000000000000000000000000000000000110010000000000000000000000100000000000000000000000000001000010000000000000000000000000000000000000000000000000000000000000000000000000000000000000000000000000000000000
0000000000000000000000000000000000000000000000000000000000000000000000000000000000000000000000000000000000000001001110000010000000000000011111110011000000000000000000001000010000000000000000000000000000000000000000000000000000000000000000000000000000000000000000000000000000000000
0000000000000000000000000000000000000000000000000000000000000000000000000000000000000000000000000000000000000000001110000010000000000000010000110111100000000000000000001100100111111110000000000000000000000000000000000000000000000000000000000000000000000000000000000000000000000000
0000000000000000000000000000000000000000000000000000000000000000000000000000000000000000000000000000000000000000000011000001000000000001000111100011000000000000000000001100000000000000000000001111111111000000000000000000000000000000000000000000000000000000000000000000000000000000
0000000000000000000000000000000000000000000000000000000000000000000000000000000000000000000000000000000000000000001111000000000000000000000010000000000000000000000000001000100000000000000000000000000000000000000000000000000000000000000000000000000000000000000000000000000000000000
0000000000000000000000000000000000000000000000000000000000000000000000000000000000000000000000000000000000000000001001000010000000000000000000000000000000000000000000001000000000000000000000000000000000000000000000000000000000000000000000000000000000000000000000000000000000000000
0000000000000000000000000000000000000000000000000000000000000000000000000000000011111111111000000000000000000000001111000000000000000000000000000000000000000000000000000001000000000000000000000000000000000000000000000000000000000100000000000000000000000000000000000000000000000000
0000000000000000000000000000000000000000000000000000000000000000000000000000000000000000000000000000000000000000000000000010000000000000011000100000000000000000000000000010000000000000000000000000000000000000000000000000000000000000000000000000000000000000000000000000000000000000
0000000000000000000000000000000000000000000000000000000000000000000000000000000000000000000000000000000000000000000000000010000000000000000000000000000000000000000000000010000000000000000000000000000000000000000000000000000000000000000000000000000000000000000000000000000000000000
0000000000000000000000000000000000000000000000000000000000000000000000000000000000000000000000000000000000000000000000000000000000000000000000000000000000000000000000000000000000000000000000000000000000000000000000000000000000000000000000000000000000000000000000000000000000000000
0000000000000000000000000000000000000000000000000000000000000000000000000000000000000000000000000000000000000000000000000011000001111100000000000000000000000000000000000100000111111111110000000000000000000000000000000000000000000000000000000000000000000000000000000010000000000000
0000000000000000000000000000000000000000000000000000000000000000000000000000000000000000000000000000000000000000000000000000000000001111111111110000000000000000000000001000000000000000000000000000000100000000000000000000000000000000000000000000000000000000000000000000000000000000
0000000000000000000000000000000000000000000000000000000000000000000000000000000000000000000000000000000000000000000000001000000000000000011111111111111110000000000011110000000000000000000000000000000000000000000000000000000000000000000000000000000000000000000000000000000000000000
0000000000000000000000000000000000000000000000000000000000000000000000000000000000000000000000000000000000000000000000000010000000000000000000000000011100000000001000000000000000000000000000000000000000000000000000000000000000000000000000000000000000000000000000000000000000000000
0000000000000000000000000000000000000000000000000000000000000000000000000000000111111111111111000000000000000000000000000010000000000000000000000000000010000000000000000000000000000000000000000000000000100000000000000000000000000000000000000000000000000000000000000000000000000000
0000000000000000000000000000000000000000000000000000000000000000000000000000000000000000000000000000000000000111111111110011000000000000011100000000000010000000010000000000000000000000000000000000000001000000000000000000000000000000000000000000000000000000000000001000000000000000
0000000000000000000000000000000000000000000000000000000000000000000000000000000000000000000000000000000000000000000000000011000000000010000001111110000000000000010000000000000000000000000000000000000000000000000000000000000000000000000000000000000000000000000000000000000000000000
0000000000000000000000000000000000000000000000000000000000000000000000000000000000000000000000000000000000000000000000000000100000000000010000000000000000000000010000000000000000000000000000000000000000000000000000000000000000000000000000000000000000000000000000000000000000000000
0000000000000000000000000000000000000000000000000000000000000000000000000000000000000000000000000000000000000000000000000000110000000000000110000000000000000000000000000000000001111111111110000000000000000000000000000000000000000000000000000000000000000000000000000000000000000000
0000000000000000000000000000000000000000000000000000000000000000000000000000000000000000000000000000000000000000000000110000010000000000000000000000000000000000000000000000000000000000000000000000000000000000000000000000000000000000000000000000000000000000000000000000000000000010
0000000000000000000000000000000000000000000000000000000000000000000000000000000000000000000000000000000000000000000000000000011000000000000000000000000000000000100000000000000000000000000000000000000000000000000000000000000000000000010000000000000000000000000000000000000000000000
0000000000000000000000000000000000000000000000000000000000000000000000000000000000000000000000000000000000000000000000000000001100000000000000000000000000000000100000000000000000000000000000000000000000000000000000000000000000000000000000000000000000000000000000000000000000000000
0000000000000000000000000000000000000000000000000000000000000000000000000000000000000001000000000000000000000000000000000000000110000000000000000000000000000000000000000000000000000000000000000000000000000000000000000000000000000000000000000000000000000000000000000000000000000000
0000000000000000000000000000000000000000000000000000000000000000000000000000000000000000000000000000000000100000000000000111100011000000100000000000000000000000000000000000000000000000000000000100000000000000000000000000000000000001100000000000000000000000000000000000000000000000
0000000000000000000000000000000000011111101100000000000000000000000000000000000000000000000000000000000000000000000000000100110000000100000000000000000000000000000000000000000000000000000000000000000000000000000000000000000000000000000000000000000000000000000000000000000000000000
0000000000000000000000000000000000000000000000000000000000000000000000000000000000000000000000000000000000000000000000000100011100010001100000000000000000000001000000000000000000000000000000000000000000000000000000000000000000000000000100000000000000000000000000000000000000000001
0000000000000000000000000000000000000000000000000000000000000000000000000000000000000000000000000000000000000000000000000100000110000000110000000000000000000000000000000000001011111111111000000011100000000000000000000000000000000000000000000000000000000000000000000000000000000000
0000000000000000000000000000000000000000000000000000000000000000000000000000000000000000000000000000000000000000000000000100000011110111010101000000000000000001000000000000000000000000000000000000000000000000000000000000000000000000000000000000000000000000000000000000000000000000
0000000000000000000000000000000000000000000000000000000000000000000000000000000000000000000000000000000000000000000000000100000000111100011100000110001000000000000000000000000000000000000000000000000000000000000000000000000000000000000000000000000000000000000000000000000000000110
0000000000000000000000000000000000000000000000000000000000000000000000000000000000000000000000000000000000000000000000000100000000001111111111111111000000000000010000000000000000000000000000000000000000000000000000000000000000000000000000000000000000000000000000000000000000000000
0000000000000000000000000000000000000000000000000000000000000000000000000000000000000000000000000000000000000000000000000100000000000011111111110100000000000001011000000000000000000000000000000000000000000000000000000000000000111111111111000000000000000000000000000000000000000000
0000000000000000000000000000000000000000000000000000000000000000000000000000000000000000000000000000000000000000000000000000000000000000000000000000000000000001001100000000000000000000000000000000000000000000000000000000000000000000000000000000000000000000000000000000000000000001
0000000000000000000000000000000000000000000000000000000000000000000000000000000000000000000000000000000000000000000000000100000000000000000000000000000000000000001110000000000000000000000000000000000000000000000000000000000000000000000000000000000000000000000000000000000000000000
0000000000000000000000000000000000000000000000000000000000000000000000000000000000000000000000000000000000000000000000000100000000000000000000000000000000000010001111000000000000000000000000000000000000000000000000000000000000000000000000000000000000000000000000000000000000000000
0000000000000000000000000000000000000000000000000000000000000000000000000000000000000000000000000000000000000000000000000100000000000000000000000000000000000010001111100000000111111111110000000000000000000000000000000000000000000000000000000000000000000000000000000000000000000000
0000000000000000000000000000000000000000000000000000000000000000000000000000000000000000000000000000000000000000000000000100000000000000000000000000000000000100001111110000000000000000000000000000000000000000000000000000000000000000000000000000000000000000000000000000000000000000
0000000000000000000000000000000000000000000000000000000000000000000000000000000000000000000000000100000000000000000000000100000000000010000000000000000000001000011111111000000000000000000000000000000000000000000000000000000000000000000000000000000000000000000000000000000000000000
0000000000000000000000000000000000000000000000000000000000000000000000000000000000000000000000000000000000000000000000000100000000000000000000000000000000010000011111111110000000000000000000000000000000000000000000000000000000000000000000000000000000000000000000000000000000000000
0000000000000000000000000000000000000000000000000000000000000000000000000000000000000000000000000000000000000000000000000100000000000100000000000000000000010000011111111111000000000000000000000000000000000000000000000000000000000000000000000000000000000000000000000000000000000000
0000000000000000000000000000000000000000000000000000000000000000000000000000000000000000000000000000000000011000000001100110000000000100000000000000000001100000011111111111110000000000000000000000000000000000000000000000000000000000000000111110000000000000000000000000000000000000
0000000000000000001000000000000000000000000000000000000000000000000000000000000000000000000000000000000000000000000001100010000000000000000000000000000011000000011111111111111111100000000000000000000000000000000000000000000000000000000000000000000000000000000000000000000000000000
0000000000000000000000000000000000000000001000000000000000000000000000000000000000000000000000000000000000000001000001100010000000000000100000000000000111000000111111111111111111111100000000000000000000000000000000000000000000000000000000000000000000000000000000000000000000000000
0000000000000000000000000000000000000000000000000000000000000000000000000000000000000000000000000000000000001110000001110000000000000000000000000000001110000000111111111111111111111111110000000000000000000000000000000000000000000000000100000000000000000000000000000000000000000000
0000000000000000000000000000000000000000000000000000000000000000000000000000000000000000000000000000000001111110000001010000000000000000000000000000011100000000111111111111111111111111111111000000000000000000000000000000000000000000011100000000000000000000000000000000000000000000
0000000000000000000000000000000000000000000000000000000000000000000000000000000000000000000000000000001111111100000001001000000000000000000000000000111000000000111111111111111111111111111111111110000000000000000000000000000000000000000000000000000000000000000000000000000000000000
0000000000000000000000000000000000000000000000000000000000000000000000000000000000000000010000000000111111111000000001101100000000000000000000000001110000000000111111111111111111111111111111111111111000000000000000000000000000000000000000000000000000000000000000000000000000000000
0000000000000000000000000000000000000000000000000000000000000000000000000000000000000000000000000111111111111000000001100110000000000000000000000011100000000000111111111111111111111111111111111111111111110000000000000000000000000000000000000000000000000000000000000000000000000000
0000000000000000000000000000000000000000000000000000000000000000000000000000000000000000000000011111111111111000000001111111100000000000000000001111000000000000111111111111111111111111111111111111111111111111000000000000000000000000000000000000000000000000000000000000000000000000
0000000000000000000000000000000000000000000000000000000000000000000000000000000000000000000011111111111111110000000000000011111111100000000010111100000000000001111111111111111111111111111111111111111111111111111000000000000000000000000000000000000000000000000000000000000000000000
0000000000000010000000000000101111111111111110000000000000000000000000000000000000000000001111111111111111110000000001000100000001111010000100011100000000000001111111111111111111111111111111111111111111111111111111000000000000000000000000000000000000000000000000000000000000000000
0000000000000000001000000000000000000000000000000000000000000000000000000000000000000000111111111111111111110000000011000000000000000100011000110000000000000001111111111111111111111111111111111111111111111111111111110000000000000000000000000000000000000000000000000000000000000000
0000000000000000000000000000000000000000000000000000000000000000000000000000000000000111111111111111111111110000000011111100000001011000000011100000000000000011111111111111111111111111111111111111111111111111111111111110000000000000000000000000000000000000000000000000000000000000
0000000000000100000000000000000000000000000000000000000000000000000000000000000000011111111111111111111111110000000010000111111110010001000111000000000000000011111111111111111111111111111111111111111111111111111111111111110000000000000000000000000000000000000000000000000000000000
0000000000000000000000000000000000000000000000000000000000000000000000000000000011111111111111111111111111110000000010110000100110100100000110000000000000000011111111111111111111111111111111111111111111111111111111111111111100000000000000000000000000000000000000000000000000000000
0000000000000000000000000000000000000000000000000000000000000000000000000000000111111111111111111111111111100000000001110000001100101100011000000000000000000111111111111111111111111111111111111111111111111111111111111111111110000000000000000000000000000000000000000000000000000000
0000000000000000000000000000000000000000000000000000000000000000000000000000011111111111111111111111111111100000000001100011100100101000110000000000000000001111111111111111111111111111111111111111111111111111111111111111111110000000000000001100000000000000000000000000000000000000
0000000000000000000000000000000000000000000000000000000000000000000000000001111111111111111111111111111111100000000001100000000000101101100000000000000000001111111111111111111111111111111111111111111111111111111111111111111111000000000000000000000000000000000000000000000000000000
0000000000000000000000000000000000000000000000000000000000000000000000001111111111111111111111111111111111100100000001011111101000011101000000000000000000011111111111111111111111111111111111111111111111111111111111111111111111000000000000000000000000001000000000000000000000000000
0000000000000000000000000000000000000000000100000000000000000000000000011111111111111111111111111111111111101000000001100001100000100110000000000000000000111111111111111111111111111111111111111111111111111111111111111111111111100000000000000000000000000000000000000000000000000000
0000000000000000000000000000000000000000000000000000000000000000000011111111111111111111111111111111111111001000000001000000000000100000000000000000000001111111111111111111111111111111111111111111111111111111111111111111111111110000000000000000000000000000000000000000000000000000
0000000000000000000000000000000000000000000000000000000000000000000111111111111111111111111111111111111111000000000001010000000000100000000000000000000001111111111111111111111111111111111111111111111111111111111111111111111111110000000000000000000000000001000000000000000000000000
0000000000000000000000000000000000000000000000000000000000000000000111111111111111111111111111111111111111000000000011000000000000100000000000000000000011111111111111111111111111111111111111111111111111111111111111111111111111111000000000000000000000000000000000000000000000000000
0000000000000000000000000000000000000000000000000000000000000000001111111111111111111111111111111111111111000000000011100100000000101000000000000000000011111111111111111111111111111111111111111111111111111111111111111111111111111000000000000000000000000000000000000000000000000000
0000000000000000000000000000000000000000000000000000000000000000011111111111111111111111111111111111111111000000000011000000010000101000000000000000000111111111111111111111111111111111111111111111111111111111111111111111111111111000000000000000000000000000000000000000000000000000
0000000000000000000000000000000000000000000000000000000000000000011111111111111111111111111111111111111111000000000011100000001000101000000000000000001111111111111111111111111111111111111111111111111111111111111111111111111111111000000000000000000000000000000000000000000000000000
0000000000000000000000000000000000000000000000000000000000000000011111111111111111111111111111111111111111000000010011110100010000101100000000000000011111111111111111111111111111111111111111111111111111111111111111111111111111111100000000000000000000000000000000000000000000000000
0000000000000000000000000000000000000000000000000000000000000000011111111111111111111111111111111111111111000011111011000110001100101010000000000000011111111111111111111111111111111111111111111111111111111111111111111111111111111100000001000000000000000000000000000000000000000000
0000000000000000000000000000000000010000000000000000000000000000111111111111111111111111111111111111111111111111111001100100000100100000010000000000100111111111111111111111111111111111111111111111111111111111111111111111111111111100000000000000000000000000000000000000000000000000
0000000000000000000000000000000000000000000000000000000000000000111111111111111111111111111111111111111111111111100011000100001100101111111100000000000111111111111111111111111111111111111111111111111111111111111111111111111111111100000000000000000000000000000000000000000000000000
0000000000000000000000000000000000000000000000000000000000000000111111111111111111111111111111111111111110111110000011001001101100101111111111111111001111111111111111111111111111111111111111111111111111111111111111111111111111111100000000000000000000000000000000000000000010000000
0000000000000000000000000000000000000000000000000000000000000000111111111111111111111111111111111111111110111110001011010000000100101100011111111111111111111111111111111111111111111111111111111111111111111111111111111111111111111100000000000000000000000000000000000000000000000000
0000000000000000000000000000000000000000000000000000000000000000111111111111111111111111111111111111111110111111100011110111110100100000000000000111111111111111111111111111111111111111111111111111111111111111111111111111111111111100000000000000000000000000000000000000000000000000
0000000000000000000000000000000000100000000000000000000000000000111111111111111111111111111111111111111110111111110011011111101100100000000000000000011111111111111111111111111111111111111111111111111111111111111111111111111111111110000000000000000000000000000000000000000000000000
0000000000000000000000000000000000000000000000000000000000000000111111111111111111111111111111111111111110111111110011110011101100101000000000000000011111111111111111111111111111111111111111111111111111111111111111111111111111111111000000000000000000000000000000000000000000000000
0000000000000000000000000000000000000000000000000000000000000000111111111111111111111111111111111111111111111110000011010000001100101111111100000000011111111111111111111111111111111111111111111111111111111111111111111111111111111111000000000000000000000000000000000000000000000000
0000000000000000000000000000100000000000000000000000000000000000111111111111111111111111111111111111111111111110000010000010000001101111111111111110011111111111111111111111111111111111111111111111111111111111111111111111111111111111100000000000000000000000000000000000000000000000
0000000000000000000000000000000000000000000000000000000000000000111111111111111111111111111111111111111111111110000011011111111111100000011111111111111111111111111111111111111111111111111111111111111111111111111111111111111111111111100000000000000000000000000000000000000000000000
0000000000000000000000000000000000000000000000000000000000000000111111111111111111111111111111111111111111111111100111111111001000000000000000011111111111111111111111111111111111111111111111111111111111111111111111111111111111111111110000000000000000000000000000000000000000000000
0000000000000000000000000000000000000000000000000000000000000001111111111111111111111111111111111111111111111111110000010011100000000000000000000001111111111111111111111111111111111111111111111111111111111111111111111111111111111111110000000000000000000000000000000000000000000000
0000000000000000000000000000000000000000000000000000000000000001111111111111111111111111111111111111111111111111111011111000000000111110000000000000111111111111111111111111111111111111111111111111111111111111111111111111111111111111111000000000000000000000000000000000000000000000
0000000000000000000000000000000000000000000000000000000000000001111111111111111111111111111111111111111111111111101111111111111111111111111110000001111111111111111111111111111111111111111111111111111111111111111111111111111111111111111000000000000000000000000000000000000000000000
0000000000000000000000000000000000000000000000000000000000000001111111111111111111111111111111111111111111111110000000000111111111111111111111111101111111111111111111111111111111111111111111111111111111111111111111111111111111111111111100000000000000000000000000000000000000000000
0000000000000000000000000000000000000000000000000000000000000001111111111111111111111111111111111111111111111110000000000110000010000001111111111111111111111111111111111111111111111111111111111111111111111111111111111111111111111111111000000000000000000000000000000000000000000000
0000000000000000000000000000000000000000000000000000000000000001111111111111111111111111111111111111111111111110000000000000000000000000000000111111111111111111111111111111111111111111111111111111111111111111111111111111111111111111111100000000000000000000000000000000000000000000
0000000000000000000000000000000000000000000000000000000000000001111111111111111111111111111111111111111111111111111111110000000000000000000000000011111111111111111111111111111111111111111111111111111111111111111111111111111111111111111000000000000000000000000000000000000000000000
0000000000000000000000000000000000000000000000000000000000000001111111111111111111111111111111111111111111111111111111100100000011110000000000000011111111111111111111111111111111111111111111111111111111111111111111111111111111111111111000000000000000000000000000000000000000000000
0000000000000000000000000000000000000000000000000000000000000001111111111111111111111111111111111111111111111111111111100000000011111111111000000011111111111111111111111111111111111111111111111111111111111111111111111111111111111111110000000000000000000000000000000000000000000000
0000000000000000000000000000000000000000000000000000000000000001111111111111111111111111111111111111111111111110000000000100000011111111111111111111111111111111111111111111111111111111111111111111111111111111111111111111111111111111110000000000000000000000000000000000000000000000
0000000000000000000000001111001111111111100000000000000000000001111111111111111111111111111111111111111111111110000000000100000100000000111111111111111111111111111111111111111111111111111111111111111111111111111111111111111111111111100000000000000000000000000000000000000000000000
0000000000000000000000000000000000000000000000000000000000000001111111111111111111111111111111111111111111111110000000000000000100000000000101111111111111111111111111111111111111111111111111111111111111111111111111111111111111111111100000000000000000000000000000000000000000000100
0000000000000000000000000000000000000000000000000000000000000001111111111111111111111111111111111111111111111111111111100000000100000000000000001111111111111111111111111111111111111111111111111111111111111111111111111111111111111111110000000000000000000000000000000000000000000000
0000000000000000000000000000000000000000000000000000000000000000111111111111111111111111111111111111111111111111111111100000000100000000000000001111111111111111111111111111111111111111111111111111111111111111111111111111111111111111111100000000000000000000000000000000000000000000
0000000000000000000000000000000000000000000000000000000000000000111111111111111111111111111111111111111111111111111111100000000111111111100000001111111111111111111111111111111111111111111111111111111111111111111111111111111111111111111110000000000000000000000000000000000000000000
0000000000000000000000000000000000000000000000000000000000000001111111111111111111111111111111111111111111111110001111100000000111111111111111111111111111111111111111111111111111111111111111111111111111111111111111111111111111111111111111000000000000000000000000000000000000000000
0000000000000000000000000000000000000000000000000000000000000001011111111111111111111111111111111111111111111111000000000000000111111111111111111111111111111111111111111111111111111111111111111111111111111111111111111111111111111111111111000000000000000000000000000000000000000101
0000000000000000000000000000000000000000000000000000000000000001011111111111111111111111111111111111111111111111000000000000000100000000000011111111111111111111111111111111111111111111111111111111111111111111111111111111111111111111111111100000000000000000000000000000000000000000
0000000000001000000000000000000000000000000000000000000000000001011111111111111111111111111111111111111111111111111000000000000100000000000000011111111111111111111111111111111111111111111111111111111111111111111111111111111111111111111111100000000000000000000000000000000000000000
0000000000000000000000000000001100000000001000000000000000000001011111111111111111111111111111111111111111111111111111100010000100000000000000011111111111111111111111111111111111111111111111111111111111111111111111111111111111111111111111110000000000000000000000000000000000000000
0000000000000000000000000000000000000000000000000000000000000011011111111111111111111111111111111111111111111111111111100000000111110000000000011111111111111111111111111111111111111111111111111111111111111111111111111111111111111111111111110000000000000000000000000000000000000000
0000000000000000000000000000000000000000000000000000000000000011111111111111111111111111111111111111111111111111111111100010000111111111111111111111111111111111111111111111111111111111111111111111111111111111111111111111111111111111111111110000000000000000000000000000000000000000
0000000000000000000000000000000000000000000000000000000000000011111111111111111111111111111111111111111111111111000000000000000111111111111111111111111111111111111111111111111111111111111111111111111111111111111111111111111111111111111111110000000000000000000000000000000000000000
0000000000000000000000000000000000000000000000000000000000000011111111111111111111111111111111111111111111111111000000000000000100000000111111111111111111111111111111111111111111111111111111111111111111111111111111111111111111111111111111110000000000000000000000000000000000000000
0000000000000000000000000000000000000000000000000000000000000011111111111111111111111111111111111111111111111110000000000000000100000000000001111111111111111111111111111111111111111111111111111111111111111111111111111111111111111111111111110000000000000000000000000000000000000000
0000000000000000000000000000000000000000000000000000000000000011111111111111111111111111111111111111111111111111111111100000000100000000000001111111111111111111111111111111111111111111111111111111111111111111111111111111111111111111111111111000000000000000000000000000000000000000
0000000000110000000000000000000000000000000000000000000000000011111111111111111111111111111111111111111111111111111111100000000000000000000001111111111111111111111111111111111111111111111111111111111111111111111111111111111111111111111111111110000000000000000000000000000000000111
0000000000000000000000000000000000000000000000000000000000000011111111111111111111111111111111111111111111111111111111100110000111111110000001111111111111111111111111111111111111111111111111111111111111111111111111111111111111111111111111111111110000000000000000000000000000000000
0000000000000000000000000000000000000000000000000000000000000011111111111111111111111111111111111111111111111111000000000010000111111111111111111111111111111111111111111111111111111111111111111111111111111111111111111111111111111111111111111111111100000000000000000000000000000000
0000000000000000000000000000000000000000000000000000000000000011111111111111111111111111111111111111111111111111000000000100001111111111111111111111111111111111111111111111111111111111111111111111111111111111111111111111111111111111111111111111111111000000000000000000000000000000
0000000000000000000000000000000000000000000000000000000000000011111111111111111111111111111111111111111111111111000000000110001000000000001111111111111111111111111111111111111111111111111111111111111111111111111111111111111111111111111111111111111111100000000000000000000000000000
0000000000000000000000000000000000000000000000000000000000000011111111111111111111111111111111111111111111111111000000000110000000000000000011111111111111111111111111111111111111111111111111111111111111111111111111111111111111111111111111111111111111110000000000000000000000000000
0000000000000000000000000000000000000000000000000000000000000011111111111111111111111111111111111111111111111111111111110110000000000000000011111111111111111111110000111111111111111111111111111111111111111111111111111111111111111111111111111111111111111000000000000000000000000000
0000000000000000000000000000000000000000000000000000000000000011111111111111111111111111111111111111111111111111111111110110111110000000000011111111111111111111100000000000000000001000111111111111111111111111111111111111111111111111111111111111111111111100000000000000000000000000
0000000000000000000000000000000000000000000000000000000000000011111111111111111111111111111111111111111111111111111111111110011111111111111111111111111111111111100110000000000000000000000011111111111111111111111111111111111111111111111111111111111111111110000000000000000000000000
0000000000000000000000000000000000000000000000000000000000000011111111111111111111111111111111111111111111111111100000000110011111111111111111111111111111111111100011100000001110000000000000111111111111111111111111111111111111111111111111111111111111111111000000000000000000000011
0000000000001100000000000000000000000000000000000000000000000011111111111111111111111111111111111111111111111111100000000010010000111111111111111111111111111111110010100001000000000000000000011111111111111111111111111111111111111111111111111111111111111111110000000000000000000000
0000000000000000000000000000000000000000000000000000000000000011111111111111111111111111111111111111111111111111100000000110100000000000001111111111111111111111111010001000000000000000000000001111111111111111111111111111111111111111111111111111111111111111111100000000000000000000
0000000000000000000000000000000000000000000000000000000000000011111111111111111111111111111111111111111111111111111000000110000000000000000111111111111111111111111111101100000000000000000000001111111111111111111111111111111111111111111111111111111111111111111110000000000000000000
0000000000000000000000000000000000000000000000000000000000000011111111111111111111111111111111111111111111111111111111111010000000000000000111111111111111111111110000100111001111110000000000000111111111111111111111111111111111111111111111111111111111111111111111100000000000000000
0000000000000000000000000000000000000000000000000000000000000011111111111111111111111111111111111111111111111111111111111010011111111111000111111111111111111111110000001111111111111111111010000111111111111111111111111111111111111111111111111111111111111111111111110000000000000000
0000000000000000000000000000000000000000000000000000000000000011111111111111111111111111111111111111111111111111111111111010011111111111111111111111111111111111100001011110000000000000000000000011111111111111111111111111111111111111111111111111111111111111111111111000000000000000
0000000000000000000000000000000000000000000000000000000000000011111111111111111111111111111111111111111111111111100000000010011111111111111111111111111111111111110111111000000000000000000000000011111111111111111111111111111111111111111111111111111111111111111111111100000000000000
0000000000000000000000000000000000000000000000000000000000000011111111111111111111111111111111111111111111111111100000000010000000001111111111111111111111111111101111100000000000000000000000000001111111111111111111111111111111111111111111111111111111111111111111111110100000000000
0000000000000000000000000000000000000000000000000000000000000001111111111111111111111111111111111111111111111111100000000010100000000000001111111111111111111111100111100000000000000000000000000001111111111111111111111111111111111111111111111111111111111111111111111111000000000000
0000000000000000000000000000000000000000000000000000000000000001111111111111111111111111111111111111111111111111111111111010100000000000001111111111111111111111100011000000000000000000001000000000111111111111111111111111111111111111111111111111111111111111111111111111100000000000
0000000000000000000000000000000000000000000000000000000000000001111111111111111111111111111111111111111111111111111111111010111111000000001111111111111111111111100110001011111111100000000000000000011111111111111111111111111111111111111111111111111111111111111111111111110000000000
0000000000000000000000000000000000000000000000000000000000000001111111111111111111111111111111111111111111111111111111111010011111111111111111111111111111111111111110001110110111111111111000000000001111111111111111111111111111111111111111111111111111111111111111111111110000000000
0000000000000000000000000000000000000000000000000000000000000001111111111111111111111111111111111111111111111111100001110010011111111111111111111111111111111111111110101110000000000000000000000000001111111111111111111111111111111111111111111111111111111111111111111111110000000000
0000000000000000000000000000000000000000000000000000000000000001111111111111111111111111111111111111111111111111100000000010111111111111111111111111111111111111111110001000000000000000000000000000000111111111111111111111111111111111111111111111111111111111111111111111110000000000
0000000000000000000000000000000000000000000000000000000000000001111111111111111111111111111111111111111111111111110000000010100000000001111111111111111111111111111110011000000000000000000000000000000111111111111111111111111111111111111111111111111111111111111111111111110000000000
0000000000000000000000000000000000000000000000000000000000000001111111111111111111111111111111111111111111111111110000000010100000000000011111111111111111111111111110001100000000000000000000000000000011111111111111111111111111111111111111111111111111111111111111111111110000000000
0000000000000000000000000000000000000000000000000000000000000001111111111111111111111111111111111111111111111111111111111010100000000000011111111111111111111111111111100111000000000000000000000000000011111111111111111111111111111111111111111111111111111111111111111111110000000000
0000000000000000000000000000000000000000000000000000000000000001111111111111111111111111111111111111111111111111111111111010111111111100011111111111111111111111111111100111100000000000001000000000000011111111111111111111111111111111111111111111111111111111111111111111110000000000
0000000000000000000000000000000000000000000000000000000000000001111111111111111111111111111111111111111111111111111111111010111111111111111111111111111111111111111111001001111111111111111110000000000011111111111111111111111111111111111111111111111111111111111111111111110000000000
0000000000000000000000000000000000000000000000000000000000000001111111111111111111111111111111111111111111111111111000011110111111111111111111111111111111111111111111100111110000000000000000000000000001111111111111111111111111111111111111111111111111111111111111111111110000000000
0000000000000000000000000000000000000000000000000000000000000001111111111111111111111111111111111111111111111111111000000110100000111111111111111111111111111111111111100111000000000000000000000000000001111111111111111111111111111111111111111111111111111111111111111111110000000000
0000000000000000000000000000000000000000000000000000000000000001111111111111111111111111111111111111111111111111111000000110100000000000111111111111111111111111111111111100000000000000000000000000000001111111111111111111111111111111111111111111111111111111111111111111110000000000
0000000000000000000000000000000000000000000000000000000000000011111111111111111111111111111111111111111111111111111000000110100000000000111111111111111111111111111111111000000000000000000000000000000001111111111111111111111111111111111111111111111111111111111111111111110000000000
0000000000000000000000000000000000000000000000000000000000000011111111111111111111111111111111111111111111111111111111110110100000000000111111111111111111111111111111111100110100000000000000000000000001111111111111111111111111111111111111111111111111111111111111111111110000000000
0000000000000000000000000000000000000000000000000000000000000011111111111111111111111111111111111111111111111111111111110110111111111111111111111111111111111111111111111100000000000000000000000000000001111111111111111111111111111111111111111111111111111111111111111111110000000000
0000000000000000000000000000000000000000000000000000000000000011111111111111111111111111111111111111111111111111111111111110111111111111111111111111111111111111111111111111110111110000000100000000000001111111111111111111111111111111111111111111111111111111111111111111110000000000
0000000000000000000000000000000000000000000000000000000000000001111111111111111111111111111111111111111111111111111000000110111111111111111111111111111111111111111111111111111111111111111110000000000001111111111111111111111111111111111111111111111111111111111111111111110000000000
0000000000000000000000000000000000000000000000000000000000000001111111111111111111111111111111111111111111111111111010000110100000000001111111111111111111111111111111111111111111111111110111000000000001111111111111111111111111111111111111111111111111111111111111111111111000000000
0000000000000000000000000000000000000000000000000000000000000001000111111111111111111111111111111111111111111111111110000110100000000000111111111111111111111111111111111111111111111111111100000000000011111111111111111111111111111111111111111111111111111111111111111111111000000000
0000000000000000000000000000000000000000000000000000000000000000011111111111111111111111111111111111111111111111111111000110100000000000111111111111111111111111111111111111111111111111111101010000000011111111111111111111111111111111111111111111111111111111111111111111111000000000
0000000000000000000000000000000000000000000000000000000000000011111111111111111111111111111111111111111111111111111111110110011111110111111111111111111111111111111111111111111111111111111111101000000011111111111111111111111111111111111111111111111111111111111111111111111000000000
0000000000000000000000100000000000000000000000000000000000000011111111111111111111111111111111111111111111111111111111110110011111111111111111111111111111111111111111111111111111111111111111001000000111111111111111111111111111111111111111111111111111111111111111111111111100000000
0000000000000100000000000000000000000000000000000000000000000011111111111111111111111111111111111111111111111111111001110110011111111111111111111111111111111111111111111111111111111111111111111110001111011111111111111111111111111111111111111111111111111111111111111111111100000000
0000000000000000000000000000000000000000000000000000000000000011111111001111111111111111111111111111111111111111111000000110011111111111111111111111111111111111111111111111111111111111111111111111111111111111111111111111111111111111111111111111111111111111111111111111111100000000
1000000000000000000000000000000000000000000000000000000000000011111110001111110111111111111111111111111111111111110000000110100000000001111111111111111111111111111111111111111111111111111111111111111111111111111111111111111111111111111111111111111111111111111111111111111100000000
0000000000000000000000000000000000000000000000000000000000000111111100111110001111111111111111111110000000000000111111000110100000000001111111111111111111111111111111111111111111111111111111111111111111111111111111111111111111111111111111111111111111111111111111111111111110000000
0000000000000000000000000000000000000000000000000000000000000111111001111100111111111111111111110000000000000000111111110110000000000001111111111111111111111111111111111111111111111111111111111111111111111111111111111111111111111111111111111111111111111111111111111111111110000000
0000000000000000000000000000000000000000000000000000000000000111111011110011111111111111100000000000000000000000111111111110011111111111111111111111111111111111111111111111111111111111111111111111111111111111111111111101111011111111111111111111111111111111111111111111111110000000
0000000000000000000000000000000000000000000000000000000000000011110111000111111111111100000000000000111100000000111111110110011111111111111111111111111111111111111111111111111111111111111111111111111111111111111111111100111001111111111111111111111111111111111111111111111100000000
0000000000000000000000000000000000000000000000000000000000000011101110011111111111110000000000000011000111111111111100000110011111111111111111111111111111111111111111111111111111111111111111111111111111111111111111110000111100111111111111111111111111111111111111111111111100000000
0000000000000000000000000000000000000000000000000000000000000011011000111111111101000000000000000000000011111111111100000110100000000111111111111111111111111111111111111111111111111111111111111111111111111111111111110010001101111111111111111111111111111111111111111111111100000000
0000000000000000000000000000000000000000000000000000000000000001000011111111111000000000000000000000000000111111111100000110100000000011111111111111111111111111111111111111111111111111111111111111111111111111111111110011100111111111111111111111111111111111111111111111111000000000
1110000000000000000000000000000000000000000000000000000000000000001111111111110000000000000000000000000000111111111111111010100000000011111111111111111111111111111111111111111111111111111111111111111111111111111111111011110111111111111111111111111111111111111111111111110000000000
0010111111111111111111111110100111101000000000000000000000000000111111111111100000000000000000000000000000011111111111111010011110000011111111111111111111111111111111111111111111111111111111111111111111111111111111111111111111111111111111111111111111111111111111111111100000000000
0000000000000000000000000000001100011000000000000000000000000000111111111111000000000000000000000000000000011111111111110010011111111111111111111111111111111111111111111111111111111111111111111111111111111111111111111111111111111111111111111111111111111111111111111111000000000000
0000010000000000000000000000000000000000000000000000000000000000111111111110001100000000000000000000000000011111111000000010011111111111111111111111111111111111111111111111111111111111111111111111111111111111111111111111111111111111111111111111111111111111111111111110000000000000
0000000000000000000000000000000000000000000000000000000000000000111111111110011000100000000000000000000111101111111100000010110000001111111111111111111111111111111111111111111111111111111111111111111111111111111111111111111111111111111111111111111111111111111111111100000000000000
0000000000000000000000000000000000000000000000000000000000000000111111111100111011110000001111111111111111111111111100000010100000000111111111111111111111111111111111111111111111111111111111111111111111111111111111111111111111111111111111111111111111111111111111110000000000000000
0000000000000000000000000000000000000000000000000000000000000000111111111100111111110000111111111111111100001111111111100010100000000111111111111111111111111111111111111111111111111111111111111111111111111111111111111111111111111111111111111111111111111111111111000000111110000000
0000000000000000000000000000000000000000000000000000000000000000111111111001111111100001101000000000000000000111111111111010110000000111111111111111111111111111111111111111111111111111111111111111111111111111111111111111111111111111111111111111111111111111111110000011111111110000
0000000000000000000000000000000000000000000000000000000000000000111111111011111111100000000000000000000000001111111111111010111111111111111111111111111111111111111111111111111111111111111111111111111111111111111111111001111111111111111111111111111111111111111000000000000000000000
0000000000000000000000000000000000000000000000000000000000000000111111110011111111000000000000000000000000011111111000111010011111111111111111111111111111111111111111111111111111111111111111111111111111111111111111111000000001111111111111111111111111111000000000000000000000000000
0000000000000000000000000000000000000000000000000000000000000000111111100111111111000000000000000000000000111111111000000010010111111111111111111111111111111111111111111111111111111111111111111111111111111111111111111100000000000111111111111111110000000000000000000000000000000000
0011000000000000000000000000000000000000000000000000000000000000011111101111111111110000000000000000000011111111111110000010100000000111111111111111111111111111111111111111111111111111111111111111111111111111111111111100000000000000000000000000000000000000000000000000000000000000
0000010000000000000000000010000000000000000000000000000000000000011111011111111111110000000000000000001111001111111111100010100000000111111111111111111111111111111111111111111111111111111111111111111111111111111111111100000000000000000000000000000000000000000000000000000000000000
0000000000000000000000000000000000000000000000000000000000000000011111011111111111111111111111111111111110000111111111111010100000000111111111111111111111111111111111111111111111111111111111111111111111111111111111111100000000000000000000000000000000000000000000000000000000100000
0000000000000000000000000000000000000000000000000000000000000000001110011111111111111100111111111111111000001111110011111010011111111111111111111111111111111111111111111111111111111111111111111111111111111111111111111100000000000000000000000000000000000000000000000000000000000000
0000000000000000000000000000000000000000000000000000000000000000001110111111111111110000000000000000000000011111111000001110011111111111111111111111111111111111111111111111111111111111111111111111111111111111111111111100000000000000000000000000000000000000000000000000000001000000
0000000000000000000000000000000000000000000000000000000000000000000100111111111111110000000000000000000000111111110000000010011111111111111111111111111111111111111111111111111111111111111111111111111111111111111111111100000000000000000000000000010000000000000000000000100100000000
0000000000000000000000000000000000000000000000000000000000000000000101111111111111110000000000000000000001111111111100000110100000001111111111111111111111111111111111111111111111111111111111111111111111111111111111111110000000000000000000000000000000000000000000000100000000000000
0000000000000000000000000000000000000000000000000000000000000000000001111111111111111110000000000000000111111111111111100110100000001111111111111111111111111111111111111111111111111111111111111111111111111111111111111110000000000000000000000000000000000000000000000000000000000000
0000000000000000000000000000000000000000000000000000000000000000000011111111111111111111110000000000011111111111111111111110100000000111111111111111111111111111111111111111111111111111111111111111111111111111111111111110000000000000000000000000000000000000000000000000000000000000
0000000000000000000000000000000000000000000000000000000000000000000001111111111111111111111111111111111101111111111111111110111111111111111111111111111111111111111111111111111111111111111111111111111111111111111111111110000000000000000000000000000000000000000000000000000000000000
0000000000001000000000000000000000000000000000000000000000000000000000011111111111111111001111111111000000111111110000111110111111111111111111111111111111111111111111111111111111111111111111111111111111111111111111111110000000000000000000000000000000000000000000000000000000000000
0000000000000000000001000000000000000000000000000000000000000000000000001111000111111111000001110000000001111111110000000110111111111111111111111111111111111111111111111111111111111111111111111111111111111111111111111110000000000000000000000000000000000000000000000010000000000000
0000000000000000000000000000000000000000000000000000000000000000000000000011000111111111000000000000000011111111111110000110100000111111111111111111111111111111111111111111111111111111111111111111111111111111111111111110000000000000000000000000000000000000000000000000000000000000
0000000000000000001000000000000000000000000000000000000000000000000000000000100111111111000000000000000111111111111111010110100000001111111111111111111111111111111111111111111111111111111111111111111111111111111111111111000000000000000000000000000000000000000000000000000000000000
0000000000000000000000000000000000000000000000000000000000000000000000000000011111111111110000000000011111111111111111111110100000011111111111111111111111111111111111111111111111111111111111111111111111111111111111111111000000000000000000000000000000000000000000000000000000000000
0000000000000000100000000000000000000000000000000000000000000000010000000000001111111111111111111000111111111111111111111110111111111111111111111111111111111111111111111111111111111111111111111111111111111111111111111111000000000000000000000000000000000000000000000000000000000000
0000000000000001000000000000000000000000000000000000000000000000000000000000000111111111111111111111111111111111111101100110111111111111111111111111111111111111111111111111111111111111111111111111111111111111111111111111000000000000000000000000000000000000000000000000000000000000
0000000000000000000000000000000000000000000000000000000000000000000000000000000011111111111111111111111111111111111111110110110111111111111111111111111111111111111111111111111111111111111111111111111111111111111111111111000000000000000000000000000000000000000000000000000000000000
0000000000000000000000000000000000001000000000000000000000000000000000000000000001111111111111111111111111111111111111111110110001111111111111111111111111111111111111111111111111111111111111111111111111111111111111111111000000000000000000000000000000000000000000000000000000000000
1000000000000000000000000000000000000000000000000000000000000000000000000000000000111111111111111111111111111111111111110110111111111111111111111111111111111111111111111111111111111111111111111111111111111111111111111111000000000000000000000000000000000000000000000000000000000000
0100000000000000000000000000000000000000000000000000000000000000000001000000000000001111111111111111111111111111111111110110111111111111111111111111111111111111111111111111111111111111111111111111111111111111111111111111100000000000000000000000000000000000000000000000000000000000
0011000000000000000000000010000000000000000000000000000000000000000001000000000001000011111111110111111111111111111111110110111111111111111111111111111111111111111111111111111111111111111111111111111111111111111111111111100000000000000000000000000000000000000000000000000000000000
0001000000000000000000000000000000000000000000000000000000000000000000100000000000000000001110100111111111111111111111110110111111111111111111111111111111111111111111111111111111111111111111111111111111111111111111111111100000000000000000000000000000000000000000000000000000000000
0000110000000000000000000000000000000000000000000000000000000000000000000000000000000000000001100111111111111111111111110110111111111111111111111111111111111111111111111111111111111111111111111111111111111111111111111111100000000000000000000000000000000000000000000000000000000000
0000001100000000000000100000000000000000000000000000000000000000000000011100000000000000000000100111111111111111111111110110111111111111111111111111111111111111111111111111111111111111111111111111111111111111111111111111100000000000000000000000000000000000000000000000000000000000
0000000110000000000010000000000000000000000000000000000000000000000000000000000000000000100001001111111111111111111111111110111111111111111111111111111111111111111111111111111111111111111111111111111111111111111111111111110000000000000000000000000000000000000000000000010000000000
0010000010000000000000000000000000000000000000000000000000000000000000000000000000000000000001001111111111111111111111111110111111111111111111111111111111111111111111111111111111111111111111111111111111111111111111111111110000000000000000000000000000000000000000000000000000000000
1000000010000000000000100000000000000000000000000000000000000000000000000000100000000011000001001111111111111111111111110110111111111111111111111111111111111111111111111111111111111111111111111111111111111111111111111111110000000000000000000000000000000000000000000000000000000000
0000001011000000001000000000000000000000000000000000000000000000000000000000100000000010000001001111111111111110011111110110111111111111111111111111111111111111111111111111111111111111111111111111111111111111111111111111110000000000000000000000000000000000000000000000000000000000
0000110001000000000000000000000000000000000000000000000000000000000000000000010000000000000001011111111111111111100011110110111111111111111111111111111111111111111111111111111111111111111111111111111111111111111111111111110000000000000000000000000000000000000000000000000000000000
0000000000000000000000000000000000001000000000000000000000000000000000000000001000000000000000011111111111111111111011010110111111111111111111111111111111111111111111111111111111111111111111111111111111111111111111111111110000000000000000000000000000000000000000000000000000000000
0000100000000000000000000011110100001000000000000000000000000000000000000000001000000000000000011111111111111111111111010110111111111111111111111111111111111111111111111111111111111111111111111111111111111111111111111111110000000000000000000000000000000000000000000000000000000000
0000000000000000000000100000101010001000000000000000000000000000000000000000000000000000000000011111111111111111111111110110111111111111111111111111111111111111111111111111111111111111111111111111111111111111111111111111111000000000000000000000000000000000000000000000000000000000
0000000110000000000000000000000000001000000000000000000000000000000000000000000000000000000000111111111111111111111111110100111111111111111111111111111111111111111111111111111111111111111111111111111111111111111111111111111000000000000000000000000000000000000000000000000000000000
1001000000000000000000000000000000000000000000000000000000000000000000000000000000000000000000111111111111111111111111111100111111111111111111111111111111111111111111111111111111111111111111111111111111111111111111111111111000000000000000000000000000000000000000000000000000000000
0010000000000000000000011111111111100000000000000000000000000000000000000000010000000000000101111111111111111111111111111100111111111111111111111111111111111111111111111111111111111111111111111111111111111111111111111111111000000000000000000000000000000000000000000000111111111000
0010000000000000000000000000000000000000000000000000000000000000000000000000100000000000000100111111111111111111111111111100111111111111111111111111111111111111111111111111111111111111111111111111111111111111111111111111111100000000000000000000000000000000000000000000000000000000
0000011000000000000000000000000000001000000000000000000000000000000000000000000000000000000100111111111111111111111111110100111111111111111111111111111111111111111111111111111111111111111111111111111111111111111111111111111110000000000000000000000000000000000000000000000000000000
0001010000000000000000000000000000000000000000000000000000000000000000000000000000000000000011111111111111111111111111111100111111111111111111111111111111111111111111111111111111111111111111111111111111111111111111111111111110000000000000000000000000000000000000000000001111100000
0110000000000000000000000000000000000000000000000000000000000000000000000000000000000010000011111111111111111111111111110100111111111111111111111111111111111111111111111111111111111111111111111111111111111111111111111111111110000000000000000000000000000000000000000000000000000000
0000000000000000000000010000000001000000000000000000000000000000000000000010000000000000001101111111111111111111111111110101111111111111111111111111111111111111111111111111111111111111111111111111111111111111111111111111111110000000000000000000000000000000000000000000000000000000
0000000000000000000000000000000000000000000000000000000000000000000000010000000000000000010101111111111111111111111111110101111111111111111111111111111111111111111111111111111111111111111111111111111111111111111111111111111110000000000000000000000000000000000000000000000000000000
0000000000000000000000000100000000000000000000000000000000000000000000100000000000000000010111111111111111111101111111110101111111111111111111111111111111111111111111111111111111111111111111111111111111111111111111111111111110000000000000000000000000000000000000000000000000000000
0000000000000000000000000000000000000000000000000000000000000000000001100000000000000000010111111111111111111101111111110101111111111111111111111111111111111111111111111111111111111111111111111111111111111111111111111111111110000000000000000000000000000000000000000000000000000000
